symbol,timeframe,bar_time,open,high,low,close
EURUSD,H4,2025-01-02T00:00:00Z,1.03515,1.03609,1.03443,1.03579
EURUSD,H4,2025-01-02T04:00:00Z,1.03579,1.03756,1.03578,1.03638
EURUSD,H4,2025-01-02T08:00:00Z,1.03638,1.03725,1.03464,1.03517
EURUSD,H4,2025-01-02T12:00:00Z,1.03517,1.03569,1.03115,1.03134
EURUSD,H4,2025-01-02T16:00:00Z,1.03134,1.03239,1.02243,1.0265
EURUSD,H4,2025-01-02T20:00:00Z,1.0265,1.02687,1.0248,1.0267
EURUSD,H4,2025-01-03T00:00:00Z,1.02572,1.02736,1.02529,1.02676
EURUSD,H4,2025-01-03T04:00:00Z,1.02676,1.02747,1.02647,1.02718
EURUSD,H4,2025-01-03T08:00:00Z,1.02718,1.03,1.02688,1.0290300000000001
EURUSD,H4,2025-01-03T12:00:00Z,1.0290300000000001,1.03029,1.02792,1.02932
EURUSD,H4,2025-01-03T16:00:00Z,1.02932,1.03058,1.02731,1.0298
EURUSD,H4,2025-01-03T20:00:00Z,1.0298,1.03099,1.02924,1.0308
EURUSD,H4,2025-01-06T00:00:00Z,1.03021,1.03137,1.02955,1.03123
EURUSD,H4,2025-01-06T04:00:00Z,1.03123,1.03183,1.03086,1.03089
EURUSD,H4,2025-01-06T08:00:00Z,1.03089,1.03689,1.03078,1.03556
EURUSD,H4,2025-01-06T12:00:00Z,1.03556,1.04369,1.03287,1.04169
EURUSD,H4,2025-01-06T16:00:00Z,1.04168,1.04239,1.03526,1.03875
EURUSD,H4,2025-01-06T20:00:00Z,1.03875,1.03923,1.03771,1.03897
EURUSD,H4,2025-01-07T00:00:00Z,1.03896,1.03915,1.03763,1.03812
EURUSD,H4,2025-01-07T04:00:00Z,1.03812,1.04033,1.038,1.03968
EURUSD,H4,2025-01-07T08:00:00Z,1.03968,1.04344,1.03963,1.04277
EURUSD,H4,2025-01-07T12:00:00Z,1.04277,1.04345,1.03867,1.03966
EURUSD,H4,2025-01-07T16:00:00Z,1.03967,1.03977,1.0354,1.03671
EURUSD,H4,2025-01-07T20:00:00Z,1.03671,1.03695,1.03396,1.03398
EURUSD,H4,2025-01-08T00:00:00Z,1.03401,1.03531,1.0338,1.0352999999999999
EURUSD,H4,2025-01-08T04:00:00Z,1.0352999999999999,1.03558,1.03464,1.0355
EURUSD,H4,2025-01-08T08:00:00Z,1.0355,1.03577,1.03153,1.03197
EURUSD,H4,2025-01-08T12:00:00Z,1.03197,1.03214,1.02732,1.03034
EURUSD,H4,2025-01-08T16:00:00Z,1.03035,1.03146,1.02891,1.03054
EURUSD,H4,2025-01-08T20:00:00Z,1.03054,1.03243,1.03054,1.03191
EURUSD,H4,2025-01-09T00:00:00Z,1.03181,1.03187,1.03048,1.03143
EURUSD,H4,2025-01-09T04:00:00Z,1.03143,1.03216,1.03054,1.03067
EURUSD,H4,2025-01-09T08:00:00Z,1.03067,1.03177,1.02836,1.03058
EURUSD,H4,2025-01-09T12:00:00Z,1.03058,1.03191,1.02959,1.0308
EURUSD,H4,2025-01-09T16:00:00Z,1.0308,1.03148,1.02911,1.02975
EURUSD,H4,2025-01-09T20:00:00Z,1.02975,1.03038,1.02941,1.02994
EURUSD,H4,2025-01-10T00:00:00Z,1.02989,1.03045,1.02922,1.0302
EURUSD,H4,2025-01-10T04:00:00Z,1.0302,1.03038,1.02847,1.02856
EURUSD,H4,2025-01-10T08:00:00Z,1.02856,1.03119,1.02812,1.03
EURUSD,H4,2025-01-10T12:00:00Z,1.03,1.03117,1.02134,1.02565
EURUSD,H4,2025-01-10T16:00:00Z,1.02565,1.02788,1.02276,1.02446
EURUSD,H4,2025-01-10T20:00:00Z,1.02446,1.02489,1.02349,1.02424
EURUSD,H4,2025-01-13T00:00:00Z,1.02236,1.02499,1.02236,1.02418
EURUSD,H4,2025-01-13T04:00:00Z,1.02418,1.02453,1.02077,1.02196
EURUSD,H4,2025-01-13T08:00:00Z,1.02196,1.02314,1.01773,1.01934
EURUSD,H4,2025-01-13T12:00:00Z,1.01934,1.02207,1.01862,1.02084
EURUSD,H4,2025-01-13T16:00:00Z,1.02084,1.02195,1.01918,1.0218
EURUSD,H4,2025-01-13T20:00:00Z,1.0218,1.02469,1.0207,1.02424
EURUSD,H4,2025-01-14T00:00:00Z,1.02443,1.02775,1.02379,1.02492
EURUSD,H4,2025-01-14T04:00:00Z,1.02492,1.02553,1.02384,1.02449
EURUSD,H4,2025-01-14T08:00:00Z,1.02449,1.02749,1.02449,1.02595
EURUSD,H4,2025-01-14T12:00:00Z,1.02595,1.0273,1.02396,1.02532
EURUSD,H4,2025-01-14T16:00:00Z,1.02533,1.03043,1.02436,1.02883
EURUSD,H4,2025-01-14T20:00:00Z,1.02883,1.03084,1.02868,1.03077
EURUSD,H4,2025-01-15T00:00:00Z,1.03047,1.03083,1.0298,1.03001
EURUSD,H4,2025-01-15T04:00:00Z,1.03001,1.03053,1.02927,1.02932
EURUSD,H4,2025-01-15T08:00:00Z,1.02932,1.03174,1.02867,1.03098
EURUSD,H4,2025-01-15T12:00:00Z,1.03098,1.03544,1.02935,1.03446
EURUSD,H4,2025-01-15T16:00:00Z,1.03445,1.03456,1.02593,1.02857
EURUSD,H4,2025-01-15T20:00:00Z,1.02856,1.02989,1.02844,1.02902
EURUSD,H4,2025-01-16T00:00:00Z,1.02884,1.02999,1.02841,1.0289
EURUSD,H4,2025-01-16T04:00:00Z,1.02897,1.02939,1.02809,1.02825
EURUSD,H4,2025-01-16T08:00:00Z,1.02825,1.03015,1.02817,1.02862
EURUSD,H4,2025-01-16T12:00:00Z,1.02862,1.02962,1.02608,1.02815
EURUSD,H4,2025-01-16T16:00:00Z,1.02815,1.03152,1.0268,1.02966
EURUSD,H4,2025-01-16T20:00:00Z,1.02966,1.03078,1.02935,1.03019
EURUSD,H4,2025-01-17T00:00:00Z,1.02956,1.03095,1.02932,1.03051
EURUSD,H4,2025-01-17T04:00:00Z,1.03051,1.03093,1.02875,1.02933
EURUSD,H4,2025-01-17T08:00:00Z,1.02933,1.0304,1.02775,1.02967
EURUSD,H4,2025-01-17T12:00:00Z,1.02967,1.031,1.02855,1.02902
EURUSD,H4,2025-01-17T16:00:00Z,1.02902,1.03307,1.02653,1.0281
EURUSD,H4,2025-01-17T20:00:00Z,1.0281,1.02922,1.02689,1.027
EURUSD,H4,2025-01-20T00:00:00Z,1.0275,1.02929,1.02663,1.02909
EURUSD,H4,2025-01-20T04:00:00Z,1.02909,1.03072,1.0287,1.03025
EURUSD,H4,2025-01-20T08:00:00Z,1.03025,1.03189,1.02994,1.03063
EURUSD,H4,2025-01-20T12:00:00Z,1.03063,1.04002,1.03063,1.03981
EURUSD,H4,2025-01-20T16:00:00Z,1.03981,1.04303,1.03534,1.03856
EURUSD,H4,2025-01-20T20:00:00Z,1.03856,1.04343,1.03834,1.04168
EURUSD,H4,2025-01-21T00:00:00Z,1.04156,1.04345,1.03527,1.03702
EURUSD,H4,2025-01-21T04:00:00Z,1.03702,1.04012,1.03691,1.03789
EURUSD,H4,2025-01-21T08:00:00Z,1.03789,1.03862,1.0342,1.03535
EURUSD,H4,2025-01-21T12:00:00Z,1.03536,1.0378,1.03429,1.03779
EURUSD,H4,2025-01-21T16:00:00Z,1.03779,1.043,1.03728,1.04212
EURUSD,H4,2025-01-21T20:00:00Z,1.04212,1.04354,1.04158,1.04234
EURUSD,H4,2025-01-22T00:00:00Z,1.04247,1.04329,1.03924,1.04097
EURUSD,H4,2025-01-22T04:00:00Z,1.04097,1.04214,1.04063,1.04157
EURUSD,H4,2025-01-22T08:00:00Z,1.04157,1.04474,1.03998,1.04466
EURUSD,H4,2025-01-22T12:00:00Z,1.04466,1.04573,1.04223,1.04317
EURUSD,H4,2025-01-22T16:00:00Z,1.04317,1.04321,1.04121,1.04171
EURUSD,H4,2025-01-22T20:00:00Z,1.04171,1.0423,1.04078,1.04093
EURUSD,H4,2025-01-23T00:00:00Z,1.04083,1.0416,1.0402,1.04036
EURUSD,H4,2025-01-23T04:00:00Z,1.04036,1.04128,1.03969,1.04053
EURUSD,H4,2025-01-23T08:00:00Z,1.04053,1.04148,1.03901,1.04117
EURUSD,H4,2025-01-23T12:00:00Z,1.04117,1.04203,1.03941,1.04105
EURUSD,H4,2025-01-23T16:00:00Z,1.04107,1.04381,1.0372,1.04354
EURUSD,H4,2025-01-23T20:00:00Z,1.04354,1.0437,1.04128,1.04151
EURUSD,H4,2025-01-24T00:00:00Z,1.0415,1.04232,1.04115,1.04159
EURUSD,H4,2025-01-24T04:00:00Z,1.04159,1.0454,1.04159,1.04515
EURUSD,H4,2025-01-24T08:00:00Z,1.04515,1.05152,1.04473,1.04945
EURUSD,H4,2025-01-24T12:00:00Z,1.04944,1.04979,1.04638,1.04686
EURUSD,H4,2025-01-24T16:00:00Z,1.04687,1.05215,1.04673,1.05111
EURUSD,H4,2025-01-24T20:00:00Z,1.05111,1.05119,1.04882,1.04942
EURUSD,H4,2025-01-27T00:00:00Z,1.04597,1.04853,1.04597,1.04628
EURUSD,H4,2025-01-27T04:00:00Z,1.04628,1.04777,1.04559,1.04629
EURUSD,H4,2025-01-27T08:00:00Z,1.04629,1.04938,1.04538,1.04888
EURUSD,H4,2025-01-27T12:00:00Z,1.04888,1.05331,1.04888,1.05199
EURUSD,H4,2025-01-27T16:00:00Z,1.05199,1.0524499999999999,1.04849,1.04888
EURUSD,H4,2025-01-27T20:00:00Z,1.04888,1.04943,1.04792,1.04914
EURUSD,H4,2025-01-28T00:00:00Z,1.04915,1.04933,1.04286,1.04378
EURUSD,H4,2025-01-28T04:00:00Z,1.04378,1.04417,1.04244,1.04364
EURUSD,H4,2025-01-28T08:00:00Z,1.04364,1.04443,1.04193,1.04353
EURUSD,H4,2025-01-28T12:00:00Z,1.04352,1.0437400000000001,1.04138,1.04249
EURUSD,H4,2025-01-28T16:00:00Z,1.04248,1.04414,1.0421,1.04279
EURUSD,H4,2025-01-28T20:00:00Z,1.0428,1.04383,1.04226,1.04305
EURUSD,H4,2025-01-29T00:00:00Z,1.043,1.04344,1.0424,1.04273
EURUSD,H4,2025-01-29T04:00:00Z,1.04273,1.04426,1.04259,1.04404
EURUSD,H4,2025-01-29T08:00:00Z,1.04404,1.04437,1.0402,1.04038
EURUSD,H4,2025-01-29T12:00:00Z,1.04038,1.04085,1.03824,1.03877
EURUSD,H4,2025-01-29T16:00:00Z,1.03877,1.04286,1.03863,1.04213
EURUSD,H4,2025-01-29T20:00:00Z,1.04213,1.04287,1.03882,1.04196
EURUSD,H4,2025-01-30T00:00:00Z,1.04207,1.0429,1.04124,1.04201
EURUSD,H4,2025-01-30T04:00:00Z,1.04201,1.04277,1.04176,1.0422
EURUSD,H4,2025-01-30T08:00:00Z,1.0422,1.04291,1.04021,1.04076
EURUSD,H4,2025-01-30T12:00:00Z,1.04077,1.04598,1.03903,1.04568
EURUSD,H4,2025-01-30T16:00:00Z,1.04562,1.04677,1.04095,1.0417
EURUSD,H4,2025-01-30T20:00:00Z,1.04173,1.04323,1.03862,1.03919
EURUSD,H4,2025-01-31T00:00:00Z,1.03882,1.04025,1.03774,1.03886
EURUSD,H4,2025-01-31T04:00:00Z,1.03888,1.03951,1.03828,1.03889
EURUSD,H4,2025-01-31T08:00:00Z,1.03889,1.04129,1.03653,1.03836
EURUSD,H4,2025-01-31T12:00:00Z,1.03837,1.03954,1.03721,1.03823
EURUSD,H4,2025-01-31T16:00:00Z,1.03823,1.0434,1.03603,1.04201
EURUSD,H4,2025-01-31T20:00:00Z,1.04201,1.04218,1.03503,1.03578
EURUSD,H4,2025-02-03T00:00:00Z,1.02357,1.02707,1.02107,1.02378
EURUSD,H4,2025-02-03T04:00:00Z,1.02379,1.02434,1.02123,1.02405
EURUSD,H4,2025-02-03T08:00:00Z,1.02405,1.02543,1.02129,1.02305
EURUSD,H4,2025-02-03T12:00:00Z,1.02305,1.02878,1.023,1.02639
EURUSD,H4,2025-02-03T16:00:00Z,1.0264,1.03358,1.0244,1.02798
EURUSD,H4,2025-02-03T20:00:00Z,1.02798,1.03499,1.02704,1.03426
EURUSD,H4,2025-02-04T00:00:00Z,1.03436,1.03518,1.03085,1.03221
EURUSD,H4,2025-02-04T04:00:00Z,1.03221,1.03241,1.02723,1.02932
EURUSD,H4,2025-02-04T08:00:00Z,1.02932,1.03495,1.02923,1.03387
EURUSD,H4,2025-02-04T12:00:00Z,1.03387,1.03433,1.03204,1.03403
EURUSD,H4,2025-02-04T16:00:00Z,1.03406,1.03875,1.03403,1.03767
EURUSD,H4,2025-02-04T20:00:00Z,1.03767,1.03877,1.03745,1.03789
EURUSD,H4,2025-02-05T00:00:00Z,1.03785,1.03868,1.03696,1.03734
EURUSD,H4,2025-02-05T04:00:00Z,1.03734,1.03862,1.0373,1.03779
EURUSD,H4,2025-02-05T08:00:00Z,1.03779,1.04178,1.03743,1.0404
EURUSD,H4,2025-02-05T12:00:00Z,1.0404,1.04306,1.04015,1.04078
EURUSD,H4,2025-02-05T16:00:00Z,1.04078,1.04427,1.04063,1.04199
EURUSD,H4,2025-02-05T20:00:00Z,1.04199,1.04217,1.03969,1.04025
EURUSD,H4,2025-02-06T00:00:00Z,1.0402,1.04055,1.03949,1.04026
EURUSD,H4,2025-02-06T04:00:00Z,1.04024,1.04056,1.03852,1.03864
EURUSD,H4,2025-02-06T08:00:00Z,1.03864,1.03925,1.03563,1.03593
EURUSD,H4,2025-02-06T12:00:00Z,1.03593,1.03677,1.03526,1.03605
EURUSD,H4,2025-02-06T16:00:00Z,1.03604,1.03806,1.03598,1.03792
EURUSD,H4,2025-02-06T20:00:00Z,1.03793,1.03967,1.03741,1.03828
EURUSD,H4,2025-02-07T00:00:00Z,1.03831,1.03911,1.03745,1.03839
EURUSD,H4,2025-02-07T04:00:00Z,1.03839,1.03861,1.0374,1.03752
EURUSD,H4,2025-02-07T08:00:00Z,1.03752,1.04,1.03728,1.03912
EURUSD,H4,2025-02-07T12:00:00Z,1.03912,1.04094,1.03495,1.03638
EURUSD,H4,2025-02-07T16:00:00Z,1.03638,1.03888,1.03053,1.03218
EURUSD,H4,2025-02-07T20:00:00Z,1.03218,1.03385,1.03211,1.03279
EURUSD,H4,2025-02-10T00:00:00Z,1.02889,1.03185,1.02814,1.03033
EURUSD,H4,2025-02-10T04:00:00Z,1.03033,1.03217,1.02987,1.03162
EURUSD,H4,2025-02-10T08:00:00Z,1.03162,1.03348,1.03067,1.03267
EURUSD,H4,2025-02-10T12:00:00Z,1.03267,1.0336400000000001,1.03087,1.03216
EURUSD,H4,2025-02-10T16:00:00Z,1.03216,1.03238,1.03043,1.03125
EURUSD,H4,2025-02-10T20:00:00Z,1.03125,1.03162,1.03051,1.03066
EURUSD,H4,2025-02-11T00:00:00Z,1.03065,1.03084,1.02983,1.03021
EURUSD,H4,2025-02-11T04:00:00Z,1.03021,1.0306,1.02923,1.03047
EURUSD,H4,2025-02-11T08:00:00Z,1.03047,1.03221,1.02999,1.0318
EURUSD,H4,2025-02-11T12:00:00Z,1.03181,1.03286,1.03145,1.03225
EURUSD,H4,2025-02-11T16:00:00Z,1.03225,1.03513,1.03219,1.03454
EURUSD,H4,2025-02-11T20:00:00Z,1.03454,1.03816,1.03422,1.03612
EURUSD,H4,2025-02-12T00:00:00Z,1.03609,1.03677,1.0354,1.03607
EURUSD,H4,2025-02-12T04:00:00Z,1.03607,1.03679,1.03549,1.03585
EURUSD,H4,2025-02-12T08:00:00Z,1.03585,1.03799,1.03569,1.03736
EURUSD,H4,2025-02-12T12:00:00Z,1.03736,1.03857,1.0317,1.03331
EURUSD,H4,2025-02-12T16:00:00Z,1.03332,1.04275,1.03252,1.04262
EURUSD,H4,2025-02-12T20:00:00Z,1.04263,1.04298,1.03807,1.03832
EURUSD,H4,2025-02-13T00:00:00Z,1.03823,1.04019,1.03776,1.03997
EURUSD,H4,2025-02-13T04:00:00Z,1.03997,1.04384,1.03966,1.0435
EURUSD,H4,2025-02-13T08:00:00Z,1.0435,1.04401,1.04102,1.04231
EURUSD,H4,2025-02-13T12:00:00Z,1.04231,1.04291,1.0375,1.03927
EURUSD,H4,2025-02-13T16:00:00Z,1.03927,1.04454,1.03824,1.04253
EURUSD,H4,2025-02-13T20:00:00Z,1.04254,1.04665,1.03732,1.04654
EURUSD,H4,2025-02-14T00:00:00Z,1.04636,1.04681,1.0456,1.04592
EURUSD,H4,2025-02-14T04:00:00Z,1.04593,1.04639,1.04474,1.04527
EURUSD,H4,2025-02-14T08:00:00Z,1.04529,1.04878,1.04519,1.04814
EURUSD,H4,2025-02-14T12:00:00Z,1.04814,1.04978,1.04571,1.04883
EURUSD,H4,2025-02-14T16:00:00Z,1.04883,1.05144,1.04874,1.05073
EURUSD,H4,2025-02-14T20:00:00Z,1.05073,1.05082,1.04881,1.04911
EURUSD,H4,2025-02-17T00:00:00Z,1.04843,1.05065,1.04843,1.05053
EURUSD,H4,2025-02-17T04:00:00Z,1.05053,1.05056,1.04849,1.04899
EURUSD,H4,2025-02-17T08:00:00Z,1.04899,1.04954,1.04711,1.04743
EURUSD,H4,2025-02-17T12:00:00Z,1.04742,1.04893,1.04672,1.04745
EURUSD,H4,2025-02-17T16:00:00Z,1.04743,1.04846,1.04714,1.04825
EURUSD,H4,2025-02-17T20:00:00Z,1.04825,1.04851,1.04793,1.04831
EURUSD,H4,2025-02-18T00:00:00Z,1.04836,1.04863,1.04625,1.04662
EURUSD,H4,2025-02-18T04:00:00Z,1.04662,1.04726,1.04523,1.04552
EURUSD,H4,2025-02-18T08:00:00Z,1.04552,1.04692,1.04547,1.0464
EURUSD,H4,2025-02-18T12:00:00Z,1.0464,1.04672,1.04417,1.04448
EURUSD,H4,2025-02-18T16:00:00Z,1.04448,1.04694,1.04392,1.0446
EURUSD,H4,2025-02-18T20:00:00Z,1.0446,1.04498,1.04352,1.04454
EURUSD,H4,2025-02-19T00:00:00Z,1.04454,1.04508,1.04391,1.04465
EURUSD,H4,2025-02-19T04:00:00Z,1.04465,1.04563,1.04448,1.04563
EURUSD,H4,2025-02-19T08:00:00Z,1.04563,1.04614,1.04284,1.0429
EURUSD,H4,2025-02-19T12:00:00Z,1.0429,1.04353,1.04189,1.0434
EURUSD,H4,2025-02-19T16:00:00Z,1.0434,1.04414,1.04009,1.04099
EURUSD,H4,2025-02-19T20:00:00Z,1.04099,1.04326,1.04086,1.04219
EURUSD,H4,2025-02-20T00:00:00Z,1.04225,1.04328,1.04168,1.04213
EURUSD,H4,2025-02-20T04:00:00Z,1.04213,1.04376,1.04202,1.04276
EURUSD,H4,2025-02-20T08:00:00Z,1.04276,1.04422,1.04236,1.0437
EURUSD,H4,2025-02-20T12:00:00Z,1.0437,1.04549,1.04309,1.04484
EURUSD,H4,2025-02-20T16:00:00Z,1.04484,1.04947,1.04419,1.04893
EURUSD,H4,2025-02-20T20:00:00Z,1.04892,1.05035,1.04853,1.05012
EURUSD,H4,2025-02-21T00:00:00Z,1.05008,1.05057,1.04844,1.0487
EURUSD,H4,2025-02-21T04:00:00Z,1.0487,1.0505,1.04865,1.04929
EURUSD,H4,2025-02-21T08:00:00Z,1.04929,1.04997,1.04668,1.04693
EURUSD,H4,2025-02-21T12:00:00Z,1.04693,1.04779,1.04593,1.04752
EURUSD,H4,2025-02-21T16:00:00Z,1.04752,1.04927,1.04494,1.04632
EURUSD,H4,2025-02-21T20:00:00Z,1.04632,1.0468,1.0451,1.04572
EURUSD,H4,2025-02-24T00:00:00Z,1.04693,1.05208,1.04596,1.05181
EURUSD,H4,2025-02-24T04:00:00Z,1.0518,1.05283,1.05102,1.05165
EURUSD,H4,2025-02-24T08:00:00Z,1.05165,1.05165,1.04689,1.04723
EURUSD,H4,2025-02-24T12:00:00Z,1.04723,1.04814,1.04602,1.04668
EURUSD,H4,2025-02-24T16:00:00Z,1.04669,1.04837,1.04528,1.04724
EURUSD,H4,2025-02-24T20:00:00Z,1.04724,1.04859,1.0462,1.04677
EURUSD,H4,2025-02-25T00:00:00Z,1.04673,1.04696,1.04598,1.04653
EURUSD,H4,2025-02-25T04:00:00Z,1.04653,1.04783,1.04651,1.04774
EURUSD,H4,2025-02-25T08:00:00Z,1.04774,1.04803,1.04564,1.04732
EURUSD,H4,2025-02-25T12:00:00Z,1.04732,1.05096,1.04653,1.0500099999999999
EURUSD,H4,2025-02-25T16:00:00Z,1.05002,1.05193,1.0484,1.05023
EURUSD,H4,2025-02-25T20:00:00Z,1.05023,1.05191,1.05023,1.05148
EURUSD,H4,2025-02-26T00:00:00Z,1.0513,1.05249,1.05088,1.05154
EURUSD,H4,2025-02-26T04:00:00Z,1.05154,1.05171,1.04906,1.04914
EURUSD,H4,2025-02-26T08:00:00Z,1.04914,1.05117,1.04872,1.04971
EURUSD,H4,2025-02-26T12:00:00Z,1.04971,1.05021,1.04751,1.04842
EURUSD,H4,2025-02-26T16:00:00Z,1.04843,1.05288,1.04795,1.04924
EURUSD,H4,2025-02-26T20:00:00Z,1.04924,1.05004,1.04786,1.04848
EURUSD,H4,2025-02-27T00:00:00Z,1.04841,1.04926,1.04731,1.04784
EURUSD,H4,2025-02-27T04:00:00Z,1.04784,1.04806,1.04591,1.04652
EURUSD,H4,2025-02-27T08:00:00Z,1.04652,1.04852,1.0464,1.04841
EURUSD,H4,2025-02-27T12:00:00Z,1.04842,1.04886,1.04197,1.04236
EURUSD,H4,2025-02-27T16:00:00Z,1.0423499999999999,1.04417,1.04005,1.04074
EURUSD,H4,2025-02-27T20:00:00Z,1.04074,1.04177,1.03965,1.03979
EURUSD,H4,2025-02-28T00:00:00Z,1.03976,1.04042,1.03845,1.03851
EURUSD,H4,2025-02-28T04:00:00Z,1.03851,1.03917,1.03807,1.0389
EURUSD,H4,2025-02-28T08:00:00Z,1.0389,1.04079,1.03828,1.03954
EURUSD,H4,2025-02-28T12:00:00Z,1.03954,1.04162,1.03924,1.04069
EURUSD,H4,2025-02-28T16:00:00Z,1.04069,1.042,1.039,1.03965
EURUSD,H4,2025-02-28T20:00:00Z,1.03965,1.03982,1.036,1.03739
EURUSD,H4,2025-03-03T00:00:00Z,1.03925,1.04232,1.03907,1.04199
EURUSD,H4,2025-03-03T04:00:00Z,1.04199,1.04234,1.041,1.04144
EURUSD,H4,2025-03-03T08:00:00Z,1.04144,1.0429,1.03887,1.04273
EURUSD,H4,2025-03-03T12:00:00Z,1.04275,1.04764,1.04273,1.04721
EURUSD,H4,2025-03-03T16:00:00Z,1.04721,1.05038,1.04688,1.04904
EURUSD,H4,2025-03-03T20:00:00Z,1.04904,1.05037,1.04668,1.04878
EURUSD,H4,2025-03-04T00:00:00Z,1.0486,1.04961,1.04767,1.04884
EURUSD,H4,2025-03-04T04:00:00Z,1.04884,1.04899,1.04712,1.04834
EURUSD,H4,2025-03-04T08:00:00Z,1.04834,1.05275,1.0479,1.05122
EURUSD,H4,2025-03-04T12:00:00Z,1.0512,1.05596,1.05026,1.05389
EURUSD,H4,2025-03-04T16:00:00Z,1.05391,1.05487,1.04965,1.05418
EURUSD,H4,2025-03-04T20:00:00Z,1.05418,1.0627,1.05378,1.06251
EURUSD,H4,2025-03-05T00:00:00Z,1.06253,1.06371,1.06086,1.06125
EURUSD,H4,2025-03-05T04:00:00Z,1.06125,1.06325,1.06021,1.0631599999999999
EURUSD,H4,2025-03-05T08:00:00Z,1.0631599999999999,1.07221,1.06244,1.07119
EURUSD,H4,2025-03-05T12:00:00Z,1.07119,1.07224,1.06765,1.07158
EURUSD,H4,2025-03-05T16:00:00Z,1.07158,1.0788,1.07139,1.07851
EURUSD,H4,2025-03-05T20:00:00Z,1.07851,1.07968,1.0764,1.07892
EURUSD,H4,2025-03-06T00:00:00Z,1.07866,1.0820400000000001,1.07852,1.08152
EURUSD,H4,2025-03-06T04:00:00Z,1.08152,1.08193,1.07842,1.08103
EURUSD,H4,2025-03-06T08:00:00Z,1.08103,1.08223,1.07803,1.07999
EURUSD,H4,2025-03-06T12:00:00Z,1.07999,1.08451,1.07831,1.08263
EURUSD,H4,2025-03-06T16:00:00Z,1.08262,1.08534,1.07916,1.07973
EURUSD,H4,2025-03-06T20:00:00Z,1.07973,1.08115,1.07656,1.0783800000000001
EURUSD,H4,2025-03-07T00:00:00Z,1.07823,1.07965,1.07789,1.079
EURUSD,H4,2025-03-07T04:00:00Z,1.079,1.08177,1.07847,1.08134
EURUSD,H4,2025-03-07T08:00:00Z,1.08134,1.08714,1.08081,1.08615
EURUSD,H4,2025-03-07T12:00:00Z,1.08615,1.08889,1.08413,1.08449
EURUSD,H4,2025-03-07T16:00:00Z,1.08446,1.08859,1.0832,1.08434
EURUSD,H4,2025-03-07T20:00:00Z,1.08434,1.08513,1.08257,1.08321
EURUSD,H4,2025-03-10T00:00:00Z,1.08325,1.08674,1.08195,1.08642
EURUSD,H4,2025-03-10T04:00:00Z,1.08642,1.08713,1.08303,1.08308
EURUSD,H4,2025-03-10T08:00:00Z,1.08308,1.08449,1.0805,1.08101
EURUSD,H4,2025-03-10T12:00:00Z,1.08101,1.08747,1.08088,1.08441
EURUSD,H4,2025-03-10T16:00:00Z,1.08441,1.08508,1.08208,1.08305
EURUSD,H4,2025-03-10T20:00:00Z,1.08304,1.08458,1.08176,1.08354
EURUSD,H4,2025-03-11T00:00:00Z,1.0833,1.08536,1.0826,1.08516
EURUSD,H4,2025-03-11T04:00:00Z,1.08516,1.08616,1.08437,1.08545
EURUSD,H4,2025-03-11T08:00:00Z,1.08545,1.09193,1.08356,1.09172
EURUSD,H4,2025-03-11T12:00:00Z,1.09172,1.09211,1.08812,1.09182
EURUSD,H4,2025-03-11T16:00:00Z,1.09182,1.09308,1.0895,1.09252
EURUSD,H4,2025-03-11T20:00:00Z,1.09252,1.09474,1.09102,1.09193
EURUSD,H4,2025-03-12T00:00:00Z,1.0918,1.09189,1.09057,1.0909
EURUSD,H4,2025-03-12T04:00:00Z,1.0909,1.09155,1.08959,1.08989
EURUSD,H4,2025-03-12T08:00:00Z,1.08989,1.09217,1.08875,1.09215
EURUSD,H4,2025-03-12T12:00:00Z,1.09215,1.09301,1.08762,1.08781
EURUSD,H4,2025-03-12T16:00:00Z,1.08781,1.0928,1.08757,1.09059
EURUSD,H4,2025-03-12T20:00:00Z,1.09059,1.09143,1.08797,1.08871
EURUSD,H4,2025-03-13T00:00:00Z,1.0887,1.08919,1.08827,1.08916
EURUSD,H4,2025-03-13T04:00:00Z,1.08917,1.08973,1.08817,1.08934
EURUSD,H4,2025-03-13T08:00:00Z,1.08934,1.08934,1.08591,1.08733
EURUSD,H4,2025-03-13T12:00:00Z,1.08733,1.08855,1.08263,1.08349
EURUSD,H4,2025-03-13T16:00:00Z,1.0835,1.08782,1.08225,1.0872600000000001
EURUSD,H4,2025-03-13T20:00:00Z,1.0872600000000001,1.08735,1.08465,1.08514
EURUSD,H4,2025-03-14T00:00:00Z,1.08503,1.08588,1.08452,1.08491
EURUSD,H4,2025-03-14T04:00:00Z,1.08491,1.08493,1.08343,1.08411
EURUSD,H4,2025-03-14T08:00:00Z,1.08411,1.08568,1.08307,1.08539
EURUSD,H4,2025-03-14T12:00:00Z,1.08539,1.09128,1.08469,1.08948
EURUSD,H4,2025-03-14T16:00:00Z,1.08948,1.08981,1.08655,1.08832
EURUSD,H4,2025-03-14T20:00:00Z,1.0883099999999999,1.08881,1.08734,1.08802
EURUSD,H4,2025-03-17T00:00:00Z,1.08771,1.08855,1.08706,1.08795
EURUSD,H4,2025-03-17T04:00:00Z,1.08795,1.0894,1.08742,1.08822
EURUSD,H4,2025-03-17T08:00:00Z,1.08822,1.08869,1.08686,1.08838
EURUSD,H4,2025-03-17T12:00:00Z,1.08838,1.09119,1.08771,1.09018
EURUSD,H4,2025-03-17T16:00:00Z,1.09018,1.09297,1.08972,1.09212
EURUSD,H4,2025-03-17T20:00:00Z,1.09212,1.09278,1.09117,1.09214
EURUSD,H4,2025-03-18T00:00:00Z,1.09218,1.0923,1.0915,1.0916
EURUSD,H4,2025-03-18T04:00:00Z,1.0916,1.09191,1.09063,1.0911
EURUSD,H4,2025-03-18T08:00:00Z,1.0911,1.09547,1.09036,1.09515
EURUSD,H4,2025-03-18T12:00:00Z,1.09517,1.09532,1.08925,1.09116
EURUSD,H4,2025-03-18T16:00:00Z,1.09116,1.09401,1.08968,1.09387
EURUSD,H4,2025-03-18T20:00:00Z,1.09387,1.09519,1.09387,1.09447
EURUSD,H4,2025-03-19T00:00:00Z,1.09439,1.09461,1.0931899999999999,1.09347
EURUSD,H4,2025-03-19T04:00:00Z,1.09347,1.09452,1.09281,1.093
EURUSD,H4,2025-03-19T08:00:00Z,1.093,1.09363,1.08732,1.09073
EURUSD,H4,2025-03-19T12:00:00Z,1.09073,1.09177,1.08915,1.09013
EURUSD,H4,2025-03-19T16:00:00Z,1.09013,1.09039,1.08754,1.08853
EURUSD,H4,2025-03-19T20:00:00Z,1.08852,1.09134,1.08606,1.09025
EURUSD,H4,2025-03-20T00:00:00Z,1.0901,1.09167,1.08975,1.09125
EURUSD,H4,2025-03-20T04:00:00Z,1.09125,1.09176,1.09004,1.09034
EURUSD,H4,2025-03-20T08:00:00Z,1.09034,1.09034,1.08632,1.08655
EURUSD,H4,2025-03-20T12:00:00Z,1.08654,1.08685,1.0830899999999999,1.08339
EURUSD,H4,2025-03-20T16:00:00Z,1.08339,1.08525,1.08147,1.08489
EURUSD,H4,2025-03-20T20:00:00Z,1.08489,1.08591,1.08391,1.08533
EURUSD,H4,2025-03-21T00:00:00Z,1.08494,1.08588,1.0843,1.08532
EURUSD,H4,2025-03-21T04:00:00Z,1.08532,1.08557,1.08276,1.08303
EURUSD,H4,2025-03-21T08:00:00Z,1.08303,1.08457,1.08201,1.08362
EURUSD,H4,2025-03-21T12:00:00Z,1.08362,1.08613,1.0824799999999999,1.08323
EURUSD,H4,2025-03-21T16:00:00Z,1.08322,1.0836,1.07973,1.08184
EURUSD,H4,2025-03-21T20:00:00Z,1.08184,1.08269,1.08053,1.08124
EURUSD,H4,2025-03-24T00:00:00Z,1.08127,1.084,1.08104,1.08374
EURUSD,H4,2025-03-24T04:00:00Z,1.08373,1.08376,1.08171,1.08229
EURUSD,H4,2025-03-24T08:00:00Z,1.08229,1.08584,1.08182,1.08429
EURUSD,H4,2025-03-24T12:00:00Z,1.0843099999999999,1.08549,1.08217,1.08298
EURUSD,H4,2025-03-24T16:00:00Z,1.08298,1.08307,1.07817,1.07918
EURUSD,H4,2025-03-24T20:00:00Z,1.07918,1.08133,1.07841,1.08008
EURUSD,H4,2025-03-25T00:00:00Z,1.08003,1.08038,1.07952,1.08003
EURUSD,H4,2025-03-25T04:00:00Z,1.08003,1.0809,1.07942,1.08034
EURUSD,H4,2025-03-25T08:00:00Z,1.08034,1.08071,1.07771,1.07907
EURUSD,H4,2025-03-25T12:00:00Z,1.07906,1.08302,1.07875,1.08252
EURUSD,H4,2025-03-25T16:00:00Z,1.08253,1.08279,1.07973,1.08066
EURUSD,H4,2025-03-25T20:00:00Z,1.08066,1.08171,1.079,1.07913
EURUSD,H4,2025-03-26T00:00:00Z,1.07901,1.07933,1.07836,1.07844
EURUSD,H4,2025-03-26T04:00:00Z,1.07844,1.07973,1.0778,1.07843
EURUSD,H4,2025-03-26T08:00:00Z,1.07843,1.07998,1.07779,1.07993
EURUSD,H4,2025-03-26T12:00:00Z,1.07993,1.08028,1.07818,1.07843
EURUSD,H4,2025-03-26T16:00:00Z,1.07843,1.07954,1.07676,1.07877
EURUSD,H4,2025-03-26T20:00:00Z,1.07877,1.07894,1.07435,1.07525
EURUSD,H4,2025-03-27T00:00:00Z,1.07539,1.07576,1.0733,1.07556
EURUSD,H4,2025-03-27T04:00:00Z,1.07555,1.0787,1.07552,1.07803
EURUSD,H4,2025-03-27T08:00:00Z,1.07803,1.07826,1.07541,1.07759
EURUSD,H4,2025-03-27T12:00:00Z,1.07759,1.07996,1.07611,1.07871
EURUSD,H4,2025-03-27T16:00:00Z,1.07871,1.08212,1.07765,1.07988
EURUSD,H4,2025-03-27T20:00:00Z,1.07991,1.08087,1.07883,1.08018
EURUSD,H4,2025-03-28T00:00:00Z,1.08011,1.08015,1.07882,1.07949
EURUSD,H4,2025-03-28T04:00:00Z,1.07949,1.07989,1.07846,1.07885
EURUSD,H4,2025-03-28T08:00:00Z,1.07885,1.07999,1.07753,1.07783
EURUSD,H4,2025-03-28T12:00:00Z,1.07783,1.0792,1.07645,1.07891
EURUSD,H4,2025-03-28T16:00:00Z,1.07891,1.08448,1.07849,1.08217
EURUSD,H4,2025-03-28T20:00:00Z,1.08217,1.08361,1.0812,1.08306
EURUSD,H4,2025-03-31T00:00:00Z,1.08225,1.08416,1.08054,1.08416
EURUSD,H4,2025-03-31T04:00:00Z,1.08416,1.08458,1.08291,1.08342
EURUSD,H4,2025-03-31T08:00:00Z,1.08342,1.08494,1.08117,1.08274
EURUSD,H4,2025-03-31T12:00:00Z,1.08274,1.08305,1.0801,1.08037
EURUSD,H4,2025-03-31T16:00:00Z,1.08036,1.08214,1.0784,1.08118
EURUSD,H4,2025-03-31T20:00:00Z,1.08118,1.08199,1.08071,1.08149
EURUSD,H4,2025-04-01T00:00:00Z,1.08152,1.08266,1.08141,1.08252
EURUSD,H4,2025-04-01T04:00:00Z,1.08252,1.08301,1.08169,1.08251
EURUSD,H4,2025-04-01T08:00:00Z,1.08251,1.08252,1.07991,1.08177
EURUSD,H4,2025-04-01T12:00:00Z,1.08177,1.08293,1.07783,1.07873
EURUSD,H4,2025-04-01T16:00:00Z,1.07873,1.08124,1.07793,1.07997
EURUSD,H4,2025-04-01T20:00:00Z,1.07997,1.08047,1.07852,1.07924
EURUSD,H4,2025-04-02T00:00:00Z,1.07933,1.08081,1.07882,1.07904
EURUSD,H4,2025-04-02T04:00:00Z,1.07904,1.08018,1.07872,1.07926
EURUSD,H4,2025-04-02T08:00:00Z,1.07926,1.08018,1.07802,1.07975
EURUSD,H4,2025-04-02T12:00:00Z,1.07975,1.08196,1.0786,1.08192
EURUSD,H4,2025-04-02T16:00:00Z,1.08192,1.0873,1.08148,1.08523
EURUSD,H4,2025-04-02T20:00:00Z,1.08523,1.09241,1.08105,1.08603
EURUSD,H4,2025-04-03T00:00:00Z,1.0851,1.09114,1.08052,1.08908
EURUSD,H4,2025-04-03T04:00:00Z,1.08908,1.09245,1.08864,1.09068
EURUSD,H4,2025-04-03T08:00:00Z,1.09068,1.10206,1.09064,1.10093
EURUSD,H4,2025-04-03T12:00:00Z,1.10093,1.11459,1.10039,1.10817
EURUSD,H4,2025-04-03T16:00:00Z,1.10818,1.1135,1.10327,1.10389
EURUSD,H4,2025-04-03T20:00:00Z,1.10385,1.10528,1.1016,1.10511
EURUSD,H4,2025-04-04T00:00:00Z,1.10518,1.10715,1.10368,1.10606
EURUSD,H4,2025-04-04T04:00:00Z,1.10606,1.10986,1.10573,1.10874
EURUSD,H4,2025-04-04T08:00:00Z,1.10874,1.11078,1.09753,1.0996299999999999
EURUSD,H4,2025-04-04T12:00:00Z,1.09964,1.1089,1.09646,1.1019700000000001
EURUSD,H4,2025-04-04T16:00:00Z,1.10199,1.10481,1.09601,1.09713
EURUSD,H4,2025-04-04T20:00:00Z,1.09714,1.09769,1.09246,1.09636
EURUSD,H4,2025-04-07T00:00:00Z,1.08936,1.10011,1.088,1.09669
EURUSD,H4,2025-04-07T04:00:00Z,1.09669,1.09875,1.0919699999999999,1.09849
EURUSD,H4,2025-04-07T08:00:00Z,1.09849,1.105,1.09679,1.0991900000000001
EURUSD,H4,2025-04-07T12:00:00Z,1.0992,1.09966,1.09353,1.0973600000000001
EURUSD,H4,2025-04-07T16:00:00Z,1.0973600000000001,1.09825,1.09004,1.09322
EURUSD,H4,2025-04-07T20:00:00Z,1.09324,1.09523,1.09019,1.09053
EURUSD,H4,2025-04-08T00:00:00Z,1.09066,1.09501,1.09013,1.09399
EURUSD,H4,2025-04-08T04:00:00Z,1.09399,1.09802,1.09377,1.0976
EURUSD,H4,2025-04-08T08:00:00Z,1.0976,1.09918,1.09215,1.09366
EURUSD,H4,2025-04-08T12:00:00Z,1.09366,1.09685,1.09111,1.09486
EURUSD,H4,2025-04-08T16:00:00Z,1.09486,1.09558,1.08883,1.09296
EURUSD,H4,2025-04-08T20:00:00Z,1.09295,1.09779,1.09262,1.09578
EURUSD,H4,2025-04-09T00:00:00Z,1.09527,1.10166,1.09443,1.10148
EURUSD,H4,2025-04-09T04:00:00Z,1.10148,1.10688,1.10094,1.10686
EURUSD,H4,2025-04-09T08:00:00Z,1.10683,1.10896,1.09979,1.10274
EURUSD,H4,2025-04-09T12:00:00Z,1.10274,1.10951,1.10093,1.10755
EURUSD,H4,2025-04-09T16:00:00Z,1.10755,1.10818,1.1013600000000001,1.10202
EURUSD,H4,2025-04-09T20:00:00Z,1.10202,1.10636,1.09132,1.09474
EURUSD,H4,2025-04-10T00:00:00Z,1.09483,1.09865,1.09429,1.09861
EURUSD,H4,2025-04-10T04:00:00Z,1.09861,1.09892,1.0961400000000001,1.09828
EURUSD,H4,2025-04-10T08:00:00Z,1.09828,1.10479,1.09626,1.10375
EURUSD,H4,2025-04-10T12:00:00Z,1.10375,1.1132,1.10335,1.10972
EURUSD,H4,2025-04-10T16:00:00Z,1.1097299999999999,1.12288,1.1091,1.11967
EURUSD,H4,2025-04-10T20:00:00Z,1.11967,1.12416,1.11588,1.1201699999999999
EURUSD,H4,2025-04-11T00:00:00Z,1.11929,1.13841,1.11818,1.131
EURUSD,H4,2025-04-11T04:00:00Z,1.13101,1.13544,1.12757,1.13225
EURUSD,H4,2025-04-11T08:00:00Z,1.13224,1.14736,1.12469,1.1427
EURUSD,H4,2025-04-11T12:00:00Z,1.1427,1.1427,1.13203,1.13954
EURUSD,H4,2025-04-11T16:00:00Z,1.13954,1.14121,1.12767,1.1306
EURUSD,H4,2025-04-11T20:00:00Z,1.13059,1.13562,1.12825,1.13552
EURUSD,H4,2025-04-14T00:00:00Z,1.1314,1.13706,1.13073,1.13653
EURUSD,H4,2025-04-14T04:00:00Z,1.13653,1.1409,1.13578,1.13676
EURUSD,H4,2025-04-14T08:00:00Z,1.13676,1.14246,1.13529,1.13876
EURUSD,H4,2025-04-14T12:00:00Z,1.13876,1.14077,1.13345,1.13389
EURUSD,H4,2025-04-14T16:00:00Z,1.13387,1.13819,1.1296,1.13308
EURUSD,H4,2025-04-14T20:00:00Z,1.13309,1.1369799999999999,1.13285,1.13496
EURUSD,H4,2025-04-15T00:00:00Z,1.135,1.13615,1.13172,1.13287
EURUSD,H4,2025-04-15T04:00:00Z,1.13287,1.13633,1.1316,1.1357
EURUSD,H4,2025-04-15T08:00:00Z,1.1357,1.13789,1.13207,1.13467
EURUSD,H4,2025-04-15T12:00:00Z,1.13465,1.13562,1.1308799999999999,1.13129
EURUSD,H4,2025-04-15T16:00:00Z,1.13129,1.1329500000000001,1.12642,1.12743
EURUSD,H4,2025-04-15T20:00:00Z,1.12743,1.12897,1.12664,1.12813
EURUSD,H4,2025-04-16T00:00:00Z,1.12781,1.13217,1.12781,1.13169
EURUSD,H4,2025-04-16T04:00:00Z,1.13169,1.13479,1.13164,1.13462
EURUSD,H4,2025-04-16T08:00:00Z,1.13462,1.13921,1.13384,1.13696
EURUSD,H4,2025-04-16T12:00:00Z,1.13697,1.13777,1.13408,1.13519
EURUSD,H4,2025-04-16T16:00:00Z,1.13516,1.13871,1.13498,1.1375
EURUSD,H4,2025-04-16T20:00:00Z,1.13751,1.14128,1.13593,1.13985
EURUSD,H4,2025-04-17T00:00:00Z,1.13986,1.14093,1.1365,1.13679
EURUSD,H4,2025-04-17T04:00:00Z,1.13679,1.13817,1.13552,1.13623
EURUSD,H4,2025-04-17T08:00:00Z,1.13623,1.13886,1.13434,1.13786
EURUSD,H4,2025-04-17T12:00:00Z,1.13786,1.13809,1.13353,1.13565
EURUSD,H4,2025-04-17T16:00:00Z,1.13565,1.13858,1.13388,1.13507
EURUSD,H4,2025-04-17T20:00:00Z,1.13506,1.13766,1.13411,1.13634
EURUSD,H4,2025-04-18T00:00:00Z,1.13616,1.13864,1.13586,1.13742
EURUSD,H4,2025-04-18T04:00:00Z,1.13743,1.13787,1.13666,1.13693
EURUSD,H4,2025-04-18T08:00:00Z,1.13693,1.13765,1.13591,1.13707
EURUSD,H4,2025-04-18T12:00:00Z,1.13707,1.13865,1.13669,1.13819
EURUSD,H4,2025-04-18T16:00:00Z,1.13818,1.13975,1.13773,1.1394
EURUSD,H4,2025-04-18T20:00:00Z,1.1394,1.13962,1.13897,1.13929
EURUSD,H4,2025-04-21T00:00:00Z,1.13928,1.1486399999999999,1.13799,1.14662
EURUSD,H4,2025-04-21T04:00:00Z,1.14662,1.15313,1.14651,1.15175
EURUSD,H4,2025-04-21T08:00:00Z,1.15175,1.15676,1.15049,1.15583
EURUSD,H4,2025-04-21T12:00:00Z,1.15583,1.15733,1.1513200000000001,1.15425
EURUSD,H4,2025-04-21T16:00:00Z,1.15425,1.15428,1.14816,1.15093
EURUSD,H4,2025-04-21T20:00:00Z,1.15093,1.1527,1.14936,1.15129
EURUSD,H4,2025-04-22T00:00:00Z,1.15139,1.15252,1.14821,1.14904
EURUSD,H4,2025-04-22T04:00:00Z,1.14906,1.1540300000000001,1.14857,1.15303
EURUSD,H4,2025-04-22T08:00:00Z,1.15303,1.1547399999999999,1.14835,1.14999
EURUSD,H4,2025-04-22T12:00:00Z,1.14999,1.15077,1.14617,1.147
EURUSD,H4,2025-04-22T16:00:00Z,1.14703,1.14923,1.1433200000000001,1.14339
EURUSD,H4,2025-04-22T20:00:00Z,1.14339,1.14539,1.14175,1.14206
EURUSD,H4,2025-04-23T00:00:00Z,1.14207,1.14262,1.13081,1.13975
EURUSD,H4,2025-04-23T04:00:00Z,1.13975,1.14152,1.1371,1.13899
EURUSD,H4,2025-04-23T08:00:00Z,1.13899,1.14153,1.13713,1.14131
EURUSD,H4,2025-04-23T12:00:00Z,1.14129,1.14399,1.13862,1.14057
EURUSD,H4,2025-04-23T16:00:00Z,1.14054,1.1412200000000001,1.13281,1.13399
EURUSD,H4,2025-04-23T20:00:00Z,1.13399,1.1344,1.13105,1.13145
EURUSD,H4,2025-04-24T00:00:00Z,1.13114,1.13473,1.13095,1.13437
EURUSD,H4,2025-04-24T04:00:00Z,1.13437,1.1357599999999999,1.13324,1.13392
EURUSD,H4,2025-04-24T08:00:00Z,1.13392,1.1393,1.13308,1.13806
EURUSD,H4,2025-04-24T12:00:00Z,1.13806,1.13947,1.1358,1.13767
EURUSD,H4,2025-04-24T16:00:00Z,1.13767,1.13874,1.13475,1.13801
EURUSD,H4,2025-04-24T20:00:00Z,1.13801,1.13979,1.13638,1.13888
EURUSD,H4,2025-04-25T00:00:00Z,1.13852,1.13914,1.13469,1.13473
EURUSD,H4,2025-04-25T04:00:00Z,1.13473,1.13592,1.1316,1.1335
EURUSD,H4,2025-04-25T08:00:00Z,1.1335,1.13682,1.13217,1.1350500000000001
EURUSD,H4,2025-04-25T12:00:00Z,1.13506,1.13667,1.13342,1.13524
EURUSD,H4,2025-04-25T16:00:00Z,1.13524,1.13888,1.1333,1.13686
EURUSD,H4,2025-04-25T20:00:00Z,1.13686,1.13828,1.13571,1.13595
EURUSD,H4,2025-04-28T00:00:00Z,1.13721,1.13721,1.134,1.13639
EURUSD,H4,2025-04-28T04:00:00Z,1.13639,1.13726,1.13434,1.13723
EURUSD,H4,2025-04-28T08:00:00Z,1.13723,1.13808,1.13294,1.13438
EURUSD,H4,2025-04-28T12:00:00Z,1.13438,1.13729,1.13411,1.13511
EURUSD,H4,2025-04-28T16:00:00Z,1.13511,1.14224,1.13395,1.14116
EURUSD,H4,2025-04-28T20:00:00Z,1.14116,1.14249,1.1400299999999999,1.14216
EURUSD,H4,2025-04-29T00:00:00Z,1.14197,1.14218,1.13992,1.13997
EURUSD,H4,2025-04-29T04:00:00Z,1.13997,1.142,1.13742,1.13781
EURUSD,H4,2025-04-29T08:00:00Z,1.13781,1.1412200000000001,1.13761,1.13853
EURUSD,H4,2025-04-29T12:00:00Z,1.13853,1.14146,1.13702,1.14107
EURUSD,H4,2025-04-29T16:00:00Z,1.14108,1.14191,1.1379,1.14035
EURUSD,H4,2025-04-29T20:00:00Z,1.14033,1.14048,1.13762,1.13828
EURUSD,H4,2025-04-30T00:00:00Z,1.1384,1.13959,1.13769,1.13827
EURUSD,H4,2025-04-30T04:00:00Z,1.13827,1.13866,1.1355,1.13734
EURUSD,H4,2025-04-30T08:00:00Z,1.13735,1.13996,1.13623,1.13716
EURUSD,H4,2025-04-30T12:00:00Z,1.13719,1.13888,1.1356,1.13741
EURUSD,H4,2025-04-30T16:00:00Z,1.13734,1.1379299999999999,1.1323400000000001,1.13555
EURUSD,H4,2025-04-30T20:00:00Z,1.13555,1.13649,1.1317300000000001,1.13292
EURUSD,H4,2025-05-01T00:00:00Z,1.13279,1.13314,1.13189,1.13218
EURUSD,H4,2025-05-01T04:00:00Z,1.13218,1.13221,1.12997,1.1302699999999999
EURUSD,H4,2025-05-01T08:00:00Z,1.1302699999999999,1.1331,1.12876,1.13198
EURUSD,H4,2025-05-01T12:00:00Z,1.13198,1.13411,1.13083,1.13154
EURUSD,H4,2025-05-01T16:00:00Z,1.13151,1.13278,1.12659,1.12908
EURUSD,H4,2025-05-01T20:00:00Z,1.12908,1.12941,1.12753,1.129
EURUSD,H4,2025-05-02T00:00:00Z,1.12888,1.12995,1.12743,1.12823
EURUSD,H4,2025-05-02T04:00:00Z,1.12823,1.13157,1.12786,1.1304400000000001
EURUSD,H4,2025-05-02T08:00:00Z,1.1304400000000001,1.13379,1.13025,1.13324
EURUSD,H4,2025-05-02T12:00:00Z,1.1333,1.13551,1.13047,1.1319
EURUSD,H4,2025-05-02T16:00:00Z,1.1319,1.1381000000000001,1.1314899999999999,1.13199
EURUSD,H4,2025-05-02T20:00:00Z,1.13199,1.13204,1.12926,1.12994
EURUSD,H4,2025-05-05T00:00:00Z,1.13037,1.13279,1.12929,1.13226
EURUSD,H4,2025-05-05T04:00:00Z,1.13227,1.13469,1.13227,1.13374
EURUSD,H4,2025-05-05T08:00:00Z,1.13374,1.13475,1.13116,1.1326
EURUSD,H4,2025-05-05T12:00:00Z,1.13265,1.13635,1.13265,1.13599
EURUSD,H4,2025-05-05T16:00:00Z,1.13599,1.13649,1.1299299999999999,1.13024
EURUSD,H4,2025-05-05T20:00:00Z,1.13024,1.1320999999999999,1.12973,1.13144
EURUSD,H4,2025-05-06T00:00:00Z,1.13141,1.13202,1.1280999999999999,1.12862
EURUSD,H4,2025-05-06T04:00:00Z,1.12862,1.13275,1.1280000000000001,1.13246
EURUSD,H4,2025-05-06T08:00:00Z,1.13246,1.13497,1.13135,1.13273
EURUSD,H4,2025-05-06T12:00:00Z,1.13273,1.13438,1.1305399999999999,1.13405
EURUSD,H4,2025-05-06T16:00:00Z,1.13405,1.13699,1.13263,1.1348799999999999
EURUSD,H4,2025-05-06T20:00:00Z,1.1348799999999999,1.13812,1.1348799999999999,1.13685
EURUSD,H4,2025-05-07T00:00:00Z,1.13691,1.13746,1.13254,1.13411
EURUSD,H4,2025-05-07T04:00:00Z,1.13411,1.13517,1.13263,1.13437
EURUSD,H4,2025-05-07T08:00:00Z,1.13437,1.13782,1.1343,1.13583
EURUSD,H4,2025-05-07T12:00:00Z,1.13583,1.13729,1.13472,1.13591
EURUSD,H4,2025-05-07T16:00:00Z,1.13591,1.1371,1.1337,1.13491
EURUSD,H4,2025-05-07T20:00:00Z,1.13489,1.13651,1.12917,1.1301
EURUSD,H4,2025-05-08T00:00:00Z,1.12978,1.13225,1.12963,1.13101
EURUSD,H4,2025-05-08T04:00:00Z,1.13101,1.13364,1.13083,1.13181
EURUSD,H4,2025-05-08T08:00:00Z,1.13181,1.13184,1.12704,1.1288
EURUSD,H4,2025-05-08T12:00:00Z,1.1288,1.13202,1.12754,1.12998
EURUSD,H4,2025-05-08T16:00:00Z,1.12997,1.13164,1.12206,1.12262
EURUSD,H4,2025-05-08T20:00:00Z,1.12262,1.12308,1.1212,1.12279
EURUSD,H4,2025-05-09T00:00:00Z,1.12235,1.12334,1.12131,1.12271
EURUSD,H4,2025-05-09T04:00:00Z,1.12271,1.123,1.11968,1.12279
EURUSD,H4,2025-05-09T08:00:00Z,1.12279,1.1259299999999999,1.12185,1.12565
EURUSD,H4,2025-05-09T12:00:00Z,1.12565,1.12606,1.12425,1.12541
EURUSD,H4,2025-05-09T16:00:00Z,1.12541,1.12929,1.1253199999999999,1.12586
EURUSD,H4,2025-05-09T20:00:00Z,1.12586,1.12664,1.12473,1.12497
EURUSD,H4,2025-05-12T00:00:00Z,1.1191,1.12394,1.11843,1.12389
EURUSD,H4,2025-05-12T04:00:00Z,1.12389,1.12429,1.12223,1.12276
EURUSD,H4,2025-05-12T08:00:00Z,1.12276,1.12358,1.10826,1.11376
EURUSD,H4,2025-05-12T12:00:00Z,1.11376,1.11419,1.10721,1.11135
EURUSD,H4,2025-05-12T16:00:00Z,1.11135,1.11345,1.10838,1.10847
EURUSD,H4,2025-05-12T20:00:00Z,1.10847,1.10968,1.10655,1.10859
EURUSD,H4,2025-05-13T00:00:00Z,1.10843,1.11068,1.10821,1.11047
EURUSD,H4,2025-05-13T04:00:00Z,1.11047,1.11172,1.10992,1.11167
EURUSD,H4,2025-05-13T08:00:00Z,1.11167,1.11245,1.11016,1.11114
EURUSD,H4,2025-05-13T12:00:00Z,1.11118,1.11313,1.1097,1.11308
EURUSD,H4,2025-05-13T16:00:00Z,1.11308,1.11826,1.11276,1.1176
EURUSD,H4,2025-05-13T20:00:00Z,1.1176,1.11948,1.1167799999999999,1.11849
EURUSD,H4,2025-05-14T00:00:00Z,1.11847,1.1197300000000001,1.11824,1.11923
EURUSD,H4,2025-05-14T04:00:00Z,1.11923,1.1201,1.1183,1.11887
EURUSD,H4,2025-05-14T08:00:00Z,1.11887,1.12523,1.11802,1.12388
EURUSD,H4,2025-05-14T12:00:00Z,1.12388,1.12659,1.12096,1.12253
EURUSD,H4,2025-05-14T16:00:00Z,1.12253,1.12349,1.11756,1.11891
EURUSD,H4,2025-05-14T20:00:00Z,1.11891,1.1197,1.11646,1.11714
EURUSD,H4,2025-05-15T00:00:00Z,1.117,1.11947,1.1166800000000001,1.11914
EURUSD,H4,2025-05-15T04:00:00Z,1.11916,1.12014,1.1189,1.11929
EURUSD,H4,2025-05-15T08:00:00Z,1.11929,1.1228,1.11855,1.12101
EURUSD,H4,2025-05-15T12:00:00Z,1.12102,1.1213899999999999,1.11795,1.12099
EURUSD,H4,2025-05-15T16:00:00Z,1.12099,1.12239,1.11727,1.11809
EURUSD,H4,2025-05-15T20:00:00Z,1.1181,1.11891,1.11704,1.11835
EURUSD,H4,2025-05-16T00:00:00Z,1.11866,1.12083,1.11794,1.12049
EURUSD,H4,2025-05-16T04:00:00Z,1.12049,1.12087,1.11964,1.12032
EURUSD,H4,2025-05-16T08:00:00Z,1.12032,1.12197,1.1197300000000001,1.11991
EURUSD,H4,2025-05-16T12:00:00Z,1.11991,1.12088,1.11882,1.11972
EURUSD,H4,2025-05-16T16:00:00Z,1.11972,1.12058,1.1131199999999999,1.1145100000000001
EURUSD,H4,2025-05-16T20:00:00Z,1.1145100000000001,1.11658,1.11396,1.11649
EURUSD,H4,2025-05-19T00:00:00Z,1.11755,1.11987,1.11694,1.1197300000000001
EURUSD,H4,2025-05-19T04:00:00Z,1.1197300000000001,1.1199,1.11725,1.11839
EURUSD,H4,2025-05-19T08:00:00Z,1.11838,1.1259299999999999,1.11765,1.12574
EURUSD,H4,2025-05-19T12:00:00Z,1.12574,1.12884,1.1255,1.12568
EURUSD,H4,2025-05-19T16:00:00Z,1.1257,1.12653,1.12295,1.12353
EURUSD,H4,2025-05-19T20:00:00Z,1.12353,1.12448,1.12243,1.124
EURUSD,H4,2025-05-20T00:00:00Z,1.12358,1.12438,1.12181,1.1228
EURUSD,H4,2025-05-20T04:00:00Z,1.1228,1.12514,1.1226099999999999,1.12424
EURUSD,H4,2025-05-20T08:00:00Z,1.12424,1.12778,1.12419,1.12585
EURUSD,H4,2025-05-20T12:00:00Z,1.12585,1.12672,1.12238,1.12344
EURUSD,H4,2025-05-20T16:00:00Z,1.12345,1.12699,1.12248,1.12568
EURUSD,H4,2025-05-20T20:00:00Z,1.12568,1.12857,1.12548,1.1284399999999999
EURUSD,H4,2025-05-21T00:00:00Z,1.12821,1.13015,1.12798,1.1295600000000001
EURUSD,H4,2025-05-21T04:00:00Z,1.1295600000000001,1.134,1.12867,1.13291
EURUSD,H4,2025-05-21T08:00:00Z,1.13291,1.13532,1.13123,1.13226
EURUSD,H4,2025-05-21T12:00:00Z,1.13226,1.1362,1.13148,1.13346
EURUSD,H4,2025-05-21T16:00:00Z,1.13347,1.13545,1.13235,1.13405
EURUSD,H4,2025-05-21T20:00:00Z,1.13405,1.13629,1.13157,1.1331
EURUSD,H4,2025-05-22T00:00:00Z,1.1325,1.13437,1.13112,1.13273
EURUSD,H4,2025-05-22T04:00:00Z,1.13273,1.13449,1.13174,1.13331
EURUSD,H4,2025-05-22T08:00:00Z,1.13331,1.13421,1.12953,1.13019
EURUSD,H4,2025-05-22T12:00:00Z,1.13019,1.13151,1.1285,1.1295
EURUSD,H4,2025-05-22T16:00:00Z,1.1295,1.1309,1.1266,1.12694
EURUSD,H4,2025-05-22T20:00:00Z,1.12696,1.12857,1.12559,1.12786
EURUSD,H4,2025-05-23T00:00:00Z,1.12788,1.13,1.12763,1.12971
EURUSD,H4,2025-05-23T04:00:00Z,1.12971,1.1320999999999999,1.12951,1.13179
EURUSD,H4,2025-05-23T08:00:00Z,1.13179,1.13447,1.13083,1.1342
EURUSD,H4,2025-05-23T12:00:00Z,1.1342,1.13755,1.12976,1.13336
EURUSD,H4,2025-05-23T16:00:00Z,1.13336,1.13598,1.1311,1.13583
EURUSD,H4,2025-05-23T20:00:00Z,1.13583,1.13694,1.13519,1.1364
EURUSD,H4,2025-05-26T00:00:00Z,1.13626,1.13978,1.13601,1.1397
EURUSD,H4,2025-05-26T04:00:00Z,1.13969,1.14188,1.1388099999999999,1.14095
EURUSD,H4,2025-05-26T08:00:00Z,1.14095,1.14185,1.13831,1.13846
EURUSD,H4,2025-05-26T12:00:00Z,1.13848,1.13869,1.1369,1.13752
EURUSD,H4,2025-05-26T16:00:00Z,1.13752,1.1385399999999999,1.1373199999999999,1.13833
EURUSD,H4,2025-05-26T20:00:00Z,1.13833,1.13882,1.13786,1.13868
EURUSD,H4,2025-05-27T00:00:00Z,1.13828,1.1403,1.13805,1.1400000000000001
EURUSD,H4,2025-05-27T04:00:00Z,1.1400000000000001,1.14073,1.13777,1.13784
EURUSD,H4,2025-05-27T08:00:00Z,1.13784,1.1393,1.13373,1.13489
EURUSD,H4,2025-05-27T12:00:00Z,1.13487,1.13679,1.13407,1.13669
EURUSD,H4,2025-05-27T16:00:00Z,1.13669,1.13755,1.13233,1.13318
EURUSD,H4,2025-05-27T20:00:00Z,1.13318,1.13388,1.13264,1.1327
EURUSD,H4,2025-05-28T00:00:00Z,1.13254,1.13451,1.13225,1.13344
EURUSD,H4,2025-05-28T04:00:00Z,1.13344,1.13392,1.13007,1.13063
EURUSD,H4,2025-05-28T08:00:00Z,1.13063,1.13344,1.1295600000000001,1.13323
EURUSD,H4,2025-05-28T12:00:00Z,1.13323,1.13407,1.13076,1.13111
EURUSD,H4,2025-05-28T16:00:00Z,1.13111,1.13248,1.12839,1.12941
EURUSD,H4,2025-05-28T20:00:00Z,1.12941,1.13008,1.1284399999999999,1.12894
EURUSD,H4,2025-05-29T00:00:00Z,1.129,1.12973,1.12107,1.12349
EURUSD,H4,2025-05-29T04:00:00Z,1.12348,1.12571,1.12237,1.12479
EURUSD,H4,2025-05-29T08:00:00Z,1.12479,1.12828,1.12311,1.12719
EURUSD,H4,2025-05-29T12:00:00Z,1.1272,1.13499,1.1268,1.13493
EURUSD,H4,2025-05-29T16:00:00Z,1.13493,1.13799,1.1339299999999999,1.13716
EURUSD,H4,2025-05-29T20:00:00Z,1.13716,1.13845,1.1360999999999999,1.13648
EURUSD,H4,2025-05-30T00:00:00Z,1.13644,1.13851,1.1363,1.13725
EURUSD,H4,2025-05-30T04:00:00Z,1.13725,1.13899,1.13457,1.13461
EURUSD,H4,2025-05-30T08:00:00Z,1.13461,1.13547,1.13235,1.1324
EURUSD,H4,2025-05-30T12:00:00Z,1.1324,1.13587,1.13232,1.13462
EURUSD,H4,2025-05-30T16:00:00Z,1.13462,1.13583,1.13127,1.13504
EURUSD,H4,2025-05-30T20:00:00Z,1.13504,1.13672,1.1345,1.1347800000000001
EURUSD,H4,2025-06-02T00:00:00Z,1.13463,1.13748,1.13382,1.13687
EURUSD,H4,2025-06-02T04:00:00Z,1.13687,1.13822,1.13544,1.13656
EURUSD,H4,2025-06-02T08:00:00Z,1.13656,1.14369,1.1364,1.14203
EURUSD,H4,2025-06-02T12:00:00Z,1.14203,1.1437,1.14092,1.14185
EURUSD,H4,2025-06-02T16:00:00Z,1.14185,1.1449799999999999,1.14045,1.14187
EURUSD,H4,2025-06-02T20:00:00Z,1.14186,1.1446399999999999,1.14161,1.14432
EURUSD,H4,2025-06-03T00:00:00Z,1.1439,1.14547,1.14335,1.14433
EURUSD,H4,2025-06-03T04:00:00Z,1.14433,1.14434,1.14161,1.14256
EURUSD,H4,2025-06-03T08:00:00Z,1.14256,1.14325,1.14056,1.14118
EURUSD,H4,2025-06-03T12:00:00Z,1.14117,1.14182,1.13772,1.1381999999999999
EURUSD,H4,2025-06-03T16:00:00Z,1.1381999999999999,1.13951,1.13642,1.13735
EURUSD,H4,2025-06-03T20:00:00Z,1.13734,1.13818,1.13677,1.13703
EURUSD,H4,2025-06-04T00:00:00Z,1.13699,1.13891,1.13679,1.13827
EURUSD,H4,2025-06-04T04:00:00Z,1.13827,1.13935,1.13649,1.13668
EURUSD,H4,2025-06-04T08:00:00Z,1.13668,1.1404,1.1357,1.13995
EURUSD,H4,2025-06-04T12:00:00Z,1.13995,1.1411,1.1374900000000001,1.14093
EURUSD,H4,2025-06-04T16:00:00Z,1.14095,1.14346,1.13929,1.14331
EURUSD,H4,2025-06-04T20:00:00Z,1.14331,1.14336,1.14101,1.1414900000000001
EURUSD,H4,2025-06-05T00:00:00Z,1.14132,1.14294,1.14105,1.14292
EURUSD,H4,2025-06-05T04:00:00Z,1.14292,1.1435,1.1408,1.14105
EURUSD,H4,2025-06-05T08:00:00Z,1.14105,1.14251,1.14046,1.14131
EURUSD,H4,2025-06-05T12:00:00Z,1.14131,1.1449,1.14097,1.14296
EURUSD,H4,2025-06-05T16:00:00Z,1.14297,1.14951,1.14185,1.1448
EURUSD,H4,2025-06-05T20:00:00Z,1.1448,1.14483,1.14312,1.1444
EURUSD,H4,2025-06-06T00:00:00Z,1.1443699999999999,1.14575,1.1438,1.14502
EURUSD,H4,2025-06-06T04:00:00Z,1.14502,1.14524,1.1433200000000001,1.144
EURUSD,H4,2025-06-06T08:00:00Z,1.144,1.14425,1.14117,1.14146
EURUSD,H4,2025-06-06T12:00:00Z,1.14147,1.1431499999999999,1.13858,1.13968
EURUSD,H4,2025-06-06T16:00:00Z,1.13968,1.14164,1.13717,1.13873
EURUSD,H4,2025-06-06T20:00:00Z,1.13873,1.1402,1.13847,1.13934
EURUSD,H4,2025-06-09T00:00:00Z,1.13989,1.14115,1.13885,1.13938
EURUSD,H4,2025-06-09T04:00:00Z,1.13938,1.14253,1.13938,1.14185
EURUSD,H4,2025-06-09T08:00:00Z,1.14185,1.14363,1.14121,1.14284
EURUSD,H4,2025-06-09T12:00:00Z,1.14284,1.1439300000000001,1.13946,1.14004
EURUSD,H4,2025-06-09T16:00:00Z,1.14005,1.14257,1.13866,1.14247
EURUSD,H4,2025-06-09T20:00:00Z,1.14246,1.1431,1.14184,1.14199
EURUSD,H4,2025-06-10T00:00:00Z,1.1417,1.14356,1.14146,1.14243
EURUSD,H4,2025-06-10T04:00:00Z,1.14243,1.14284,1.13862,1.13996
EURUSD,H4,2025-06-10T08:00:00Z,1.13996,1.1414900000000001,1.1373,1.14083
EURUSD,H4,2025-06-10T12:00:00Z,1.14083,1.14404,1.14034,1.14323
EURUSD,H4,2025-06-10T16:00:00Z,1.14323,1.14477,1.14157,1.14236
EURUSD,H4,2025-06-10T20:00:00Z,1.14236,1.1436600000000001,1.14166,1.14248
EURUSD,H4,2025-06-11T00:00:00Z,1.14227,1.14396,1.1419,1.14211
EURUSD,H4,2025-06-11T04:00:00Z,1.14211,1.14269,1.14062,1.14157
EURUSD,H4,2025-06-11T08:00:00Z,1.14157,1.14386,1.14054,1.14308
EURUSD,H4,2025-06-11T12:00:00Z,1.14308,1.14895,1.14267,1.14606
EURUSD,H4,2025-06-11T16:00:00Z,1.14606,1.14962,1.1453,1.14896
EURUSD,H4,2025-06-11T20:00:00Z,1.14896,1.14995,1.1479300000000001,1.14884
EURUSD,H4,2025-06-12T00:00:00Z,1.14871,1.15267,1.14815,1.15214
EURUSD,H4,2025-06-12T04:00:00Z,1.15214,1.15292,1.15066,1.15154
EURUSD,H4,2025-06-12T08:00:00Z,1.15154,1.1547399999999999,1.15058,1.15442
EURUSD,H4,2025-06-12T12:00:00Z,1.15443,1.16315,1.15404,1.16098
EURUSD,H4,2025-06-12T16:00:00Z,1.16098,1.16172,1.15669,1.15761
EURUSD,H4,2025-06-12T20:00:00Z,1.15761,1.15872,1.15638,1.15845
EURUSD,H4,2025-06-13T00:00:00Z,1.1581,1.16146,1.15396,1.1559
EURUSD,H4,2025-06-13T04:00:00Z,1.1559,1.15602,1.1514199999999999,1.15253
EURUSD,H4,2025-06-13T08:00:00Z,1.15253,1.15605,1.1512,1.15288
EURUSD,H4,2025-06-13T12:00:00Z,1.15288,1.15358,1.14889,1.15164
EURUSD,H4,2025-06-13T16:00:00Z,1.15161,1.15696,1.15013,1.15545
EURUSD,H4,2025-06-13T20:00:00Z,1.15545,1.15555,1.15336,1.15512
EURUSD,H4,2025-06-16T00:00:00Z,1.1525,1.1548,1.15211,1.15348
EURUSD,H4,2025-06-16T04:00:00Z,1.15343,1.15444,1.15237,1.15359
EURUSD,H4,2025-06-16T08:00:00Z,1.1536,1.15865,1.15358,1.1578
EURUSD,H4,2025-06-16T12:00:00Z,1.1578,1.15859,1.15697,1.15842
EURUSD,H4,2025-06-16T16:00:00Z,1.15842,1.16148,1.15785,1.15841
EURUSD,H4,2025-06-16T20:00:00Z,1.1584,1.1585,1.15544,1.15592
EURUSD,H4,2025-06-17T00:00:00Z,1.1558,1.15648,1.15425,1.15501
EURUSD,H4,2025-06-17T04:00:00Z,1.15501,1.15674,1.15455,1.15609
EURUSD,H4,2025-06-17T08:00:00Z,1.15609,1.15726,1.15454,1.15511
EURUSD,H4,2025-06-17T12:00:00Z,1.15515,1.158,1.15478,1.15503
EURUSD,H4,2025-06-17T16:00:00Z,1.15503,1.15696,1.14987,1.15026
EURUSD,H4,2025-06-17T20:00:00Z,1.15028,1.15088,1.14747,1.14799
EURUSD,H4,2025-06-18T00:00:00Z,1.14795,1.1497,1.14738,1.14922
EURUSD,H4,2025-06-18T04:00:00Z,1.14922,1.1508099999999999,1.14893,1.15056
EURUSD,H4,2025-06-18T08:00:00Z,1.15055,1.15234,1.14985,1.15022
EURUSD,H4,2025-06-18T12:00:00Z,1.15022,1.15165,1.14918,1.15062
EURUSD,H4,2025-06-18T16:00:00Z,1.15062,1.15303,1.14844,1.15031
EURUSD,H4,2025-06-18T20:00:00Z,1.15031,1.15293,1.1461000000000001,1.14832
EURUSD,H4,2025-06-19T00:00:00Z,1.14771,1.1489,1.14705,1.14811
EURUSD,H4,2025-06-19T04:00:00Z,1.14811,1.14822,1.14506,1.14694
EURUSD,H4,2025-06-19T08:00:00Z,1.14694,1.14794,1.14463,1.1476600000000001
EURUSD,H4,2025-06-19T12:00:00Z,1.1476600000000001,1.14875,1.14676,1.14775
EURUSD,H4,2025-06-19T16:00:00Z,1.14776,1.14846,1.14546,1.14567
EURUSD,H4,2025-06-19T20:00:00Z,1.14567,1.15003,1.14556,1.14965
EURUSD,H4,2025-06-20T00:00:00Z,1.14918,1.15241,1.14882,1.15228
EURUSD,H4,2025-06-20T04:00:00Z,1.15228,1.15323,1.1511,1.15271
EURUSD,H4,2025-06-20T08:00:00Z,1.15271,1.15298,1.15101,1.15225
EURUSD,H4,2025-06-20T12:00:00Z,1.15225,1.15349,1.15059,1.15129
EURUSD,H4,2025-06-20T16:00:00Z,1.1513,1.15374,1.14951,1.1536
EURUSD,H4,2025-06-20T20:00:00Z,1.1536,1.15441,1.15138,1.15212
EURUSD,H4,2025-06-23T00:00:00Z,1.14562,1.15073,1.14507,1.14892
EURUSD,H4,2025-06-23T04:00:00Z,1.14894,1.15069,1.14723,1.14906
EURUSD,H4,2025-06-23T08:00:00Z,1.14906,1.15212,1.1480299999999999,1.14818
EURUSD,H4,2025-06-23T12:00:00Z,1.14818,1.1482999999999999,1.14537,1.14676
EURUSD,H4,2025-06-23T16:00:00Z,1.14676,1.15576,1.14649,1.15448
EURUSD,H4,2025-06-23T20:00:00Z,1.15448,1.15817,1.15406,1.15783
EURUSD,H4,2025-06-24T00:00:00Z,1.1574200000000001,1.16089,1.15719,1.15991
EURUSD,H4,2025-06-24T04:00:00Z,1.15991,1.16143,1.1586400000000001,1.16063
EURUSD,H4,2025-06-24T08:00:00Z,1.16063,1.16225,1.15801,1.15927
EURUSD,H4,2025-06-24T12:00:00Z,1.15927,1.16182,1.15919,1.16007
EURUSD,H4,2025-06-24T16:00:00Z,1.16007,1.16416,1.15823,1.1623999999999999
EURUSD,H4,2025-06-24T20:00:00Z,1.1623999999999999,1.1632500000000001,1.1608,1.16084
EURUSD,H4,2025-06-25T00:00:00Z,1.1609,1.16267,1.1597,1.16251
EURUSD,H4,2025-06-25T04:00:00Z,1.16251,1.16315,1.16114,1.16139
EURUSD,H4,2025-06-25T08:00:00Z,1.16139,1.16227,1.15899,1.16101
EURUSD,H4,2025-06-25T12:00:00Z,1.16101,1.16135,1.159,1.15928
EURUSD,H4,2025-06-25T16:00:00Z,1.15928,1.1635900000000001,1.15902,1.16308
EURUSD,H4,2025-06-25T20:00:00Z,1.16308,1.16651,1.1627,1.16596
EURUSD,H4,2025-06-26T00:00:00Z,1.16584,1.16892,1.16519,1.1682299999999999
EURUSD,H4,2025-06-26T04:00:00Z,1.1682299999999999,1.17173,1.16672,1.168
EURUSD,H4,2025-06-26T08:00:00Z,1.168,1.17449,1.16719,1.17276
EURUSD,H4,2025-06-26T12:00:00Z,1.17276,1.1731,1.16901,1.17066
EURUSD,H4,2025-06-26T16:00:00Z,1.17066,1.17403,1.16903,1.17295
EURUSD,H4,2025-06-26T20:00:00Z,1.17296,1.17321,1.16939,1.17013
EURUSD,H4,2025-06-27T00:00:00Z,1.17,1.17,1.16806,1.16924
EURUSD,H4,2025-06-27T04:00:00Z,1.16919,1.17096,1.16851,1.16851
EURUSD,H4,2025-06-27T08:00:00Z,1.16851,1.1727,1.16835,1.17095
EURUSD,H4,2025-06-27T12:00:00Z,1.17097,1.17497,1.17014,1.1747
EURUSD,H4,2025-06-27T16:00:00Z,1.1747,1.17541,1.17056,1.1722299999999999
EURUSD,H4,2025-06-27T20:00:00Z,1.1722299999999999,1.1724,1.16878,1.17208
EURUSD,H4,2025-06-30T00:00:00Z,1.17279,1.17387,1.17158,1.17182
EURUSD,H4,2025-06-30T04:00:00Z,1.17181,1.17348,1.17118,1.17303
EURUSD,H4,2025-06-30T08:00:00Z,1.17303,1.17507,1.17136,1.17295
EURUSD,H4,2025-06-30T12:00:00Z,1.17295,1.17327,1.17077,1.17133
EURUSD,H4,2025-06-30T16:00:00Z,1.17133,1.17719,1.17108,1.17628
EURUSD,H4,2025-06-30T20:00:00Z,1.17628,1.1788,1.17605,1.17877
EURUSD,H4,2025-07-01T00:00:00Z,1.17868,1.17981,1.1767,1.17977
EURUSD,H4,2025-07-01T04:00:00Z,1.17977,1.18076,1.17779,1.17863
EURUSD,H4,2025-07-01T08:00:00Z,1.17863,1.18174,1.17673,1.18047
EURUSD,H4,2025-07-01T12:00:00Z,1.18034,1.18298,1.17966,1.18038
EURUSD,H4,2025-07-01T16:00:00Z,1.18038,1.18119,1.17615,1.17654
EURUSD,H4,2025-07-01T20:00:00Z,1.17654,1.18066,1.17654,1.18052
EURUSD,H4,2025-07-02T00:00:00Z,1.18056,1.18081,1.17985,1.1807699999999999
EURUSD,H4,2025-07-02T04:00:00Z,1.18076,1.1810100000000001,1.17882,1.17964
EURUSD,H4,2025-07-02T08:00:00Z,1.17964,1.17982,1.177,1.17757
EURUSD,H4,2025-07-02T12:00:00Z,1.17757,1.17884,1.1747,1.17567
EURUSD,H4,2025-07-02T16:00:00Z,1.17566,1.17941,1.17506,1.17886
EURUSD,H4,2025-07-02T20:00:00Z,1.17886,1.18033,1.17885,1.17982
EURUSD,H4,2025-07-03T00:00:00Z,1.17983,1.18088,1.17869,1.18066
EURUSD,H4,2025-07-03T04:00:00Z,1.18066,1.1810100000000001,1.17874,1.17893
EURUSD,H4,2025-07-03T08:00:00Z,1.17893,1.181,1.1786699999999999,1.1797900000000001
EURUSD,H4,2025-07-03T12:00:00Z,1.1797900000000001,1.18001,1.17172,1.17382
EURUSD,H4,2025-07-03T16:00:00Z,1.17382,1.17898,1.17339,1.17524
EURUSD,H4,2025-07-03T20:00:00Z,1.17524,1.17595,1.17444,1.17573
EURUSD,H4,2025-07-04T00:00:00Z,1.1756199999999999,1.17715,1.17502,1.1767
EURUSD,H4,2025-07-04T04:00:00Z,1.1767,1.17803,1.1756,1.17802
EURUSD,H4,2025-07-04T08:00:00Z,1.17802,1.17856,1.17677,1.17746
EURUSD,H4,2025-07-04T12:00:00Z,1.17746,1.17822,1.17639,1.17666
EURUSD,H4,2025-07-04T16:00:00Z,1.17666,1.17876,1.17664,1.17743
EURUSD,H4,2025-07-04T20:00:00Z,1.17743,1.17836,1.17697,1.17736
EURUSD,H4,2025-07-07T00:00:00Z,1.17771,1.17903,1.17733,1.17797
EURUSD,H4,2025-07-07T04:00:00Z,1.17797,1.17808,1.17642,1.17662
EURUSD,H4,2025-07-07T08:00:00Z,1.17662,1.17737,1.17233,1.17244
EURUSD,H4,2025-07-07T12:00:00Z,1.17244,1.17362,1.17183,1.17224
EURUSD,H4,2025-07-07T16:00:00Z,1.17224,1.17454,1.16875,1.16942
EURUSD,H4,2025-07-07T20:00:00Z,1.16942,1.17238,1.16868,1.17083
EURUSD,H4,2025-07-08T00:00:00Z,1.17076,1.17479,1.1706,1.17433
EURUSD,H4,2025-07-08T04:00:00Z,1.17433,1.175,1.17309,1.17414
EURUSD,H4,2025-07-08T08:00:00Z,1.17414,1.17654,1.17318,1.17488
EURUSD,H4,2025-07-08T12:00:00Z,1.17487,1.17507,1.1714,1.17209
EURUSD,H4,2025-07-08T16:00:00Z,1.17209,1.17224,1.16826,1.17089
EURUSD,H4,2025-07-08T20:00:00Z,1.17088,1.17298,1.17076,1.1724999999999999
EURUSD,H4,2025-07-09T00:00:00Z,1.17243,1.17294,1.17075,1.1724700000000001
EURUSD,H4,2025-07-09T04:00:00Z,1.1724700000000001,1.1726,1.17013,1.17126
EURUSD,H4,2025-07-09T08:00:00Z,1.17126,1.17286,1.17023,1.17132
EURUSD,H4,2025-07-09T12:00:00Z,1.17132,1.17198,1.16896,1.17155
EURUSD,H4,2025-07-09T16:00:00Z,1.17155,1.17245,1.17004,1.17051
EURUSD,H4,2025-07-09T20:00:00Z,1.17051,1.17233,1.17038,1.17222
EURUSD,H4,2025-07-10T00:00:00Z,1.17173,1.17497,1.17094,1.17437
EURUSD,H4,2025-07-10T04:00:00Z,1.17437,1.17444,1.17305,1.17351
EURUSD,H4,2025-07-10T08:00:00Z,1.17351,1.17436,1.17261,1.17279
EURUSD,H4,2025-07-10T12:00:00Z,1.17279,1.17344,1.17017,1.17065
EURUSD,H4,2025-07-10T16:00:00Z,1.17065,1.17147,1.16626,1.16853
EURUSD,H4,2025-07-10T20:00:00Z,1.16854,1.17002,1.16816,1.17
EURUSD,H4,2025-07-11T00:00:00Z,1.16999,1.17074,1.16647,1.16749
EURUSD,H4,2025-07-11T04:00:00Z,1.16748,1.16862,1.16685,1.16765
EURUSD,H4,2025-07-11T08:00:00Z,1.16765,1.16958,1.16703,1.16824
EURUSD,H4,2025-07-11T12:00:00Z,1.1682299999999999,1.17013,1.16814,1.1688399999999999
EURUSD,H4,2025-07-11T16:00:00Z,1.1688399999999999,1.17141,1.1674,1.16915
EURUSD,H4,2025-07-11T20:00:00Z,1.16915,1.16958,1.16785,1.16852
EURUSD,H4,2025-07-14T00:00:00Z,1.1658,1.1694,1.1658,1.1693500000000001
EURUSD,H4,2025-07-14T04:00:00Z,1.1693500000000001,1.16977,1.16727,1.16748
EURUSD,H4,2025-07-14T08:00:00Z,1.16748,1.1689,1.16543,1.16827
EURUSD,H4,2025-07-14T12:00:00Z,1.16827,1.16971,1.16794,1.16858
EURUSD,H4,2025-07-14T16:00:00Z,1.16858,1.16959,1.16601,1.16624
EURUSD,H4,2025-07-14T20:00:00Z,1.16624,1.1673,1.16592,1.16653
EURUSD,H4,2025-07-15T00:00:00Z,1.16642,1.16773,1.16605,1.16722
EURUSD,H4,2025-07-15T04:00:00Z,1.16722,1.168,1.16653,1.16759
EURUSD,H4,2025-07-15T08:00:00Z,1.16759,1.16928,1.16719,1.16869
EURUSD,H4,2025-07-15T12:00:00Z,1.16869,1.1691,1.16622,1.1678
EURUSD,H4,2025-07-15T16:00:00Z,1.1678,1.16794,1.15937,1.15961
EURUSD,H4,2025-07-15T20:00:00Z,1.15961,1.16054,1.15929,1.16022
EURUSD,H4,2025-07-16T00:00:00Z,1.16005,1.16136,1.15955,1.16079
EURUSD,H4,2025-07-16T04:00:00Z,1.16079,1.162,1.16059,1.16198
EURUSD,H4,2025-07-16T08:00:00Z,1.16198,1.16285,1.16125,1.16253
EURUSD,H4,2025-07-16T12:00:00Z,1.16253,1.16263,1.15923,1.1598600000000001
EURUSD,H4,2025-07-16T16:00:00Z,1.1598600000000001,1.17215,1.15624,1.16391
EURUSD,H4,2025-07-16T20:00:00Z,1.1639,1.16584,1.16205,1.16398
EURUSD,H4,2025-07-17T00:00:00Z,1.16368,1.16425,1.16171,1.16239
EURUSD,H4,2025-07-17T04:00:00Z,1.16239,1.16291,1.16134,1.16245
EURUSD,H4,2025-07-17T08:00:00Z,1.16245,1.1627399999999999,1.15734,1.16017
EURUSD,H4,2025-07-17T12:00:00Z,1.16017,1.16048,1.15562,1.15871
EURUSD,H4,2025-07-17T16:00:00Z,1.15871,1.16027,1.1578,1.15862
EURUSD,H4,2025-07-17T20:00:00Z,1.15862,1.16003,1.15798,1.15975
EURUSD,H4,2025-07-18T00:00:00Z,1.1595,1.16278,1.15819,1.16246
EURUSD,H4,2025-07-18T04:00:00Z,1.16246,1.16343,1.16182,1.16193
EURUSD,H4,2025-07-18T08:00:00Z,1.16193,1.16456,1.1612,1.16357
EURUSD,H4,2025-07-18T12:00:00Z,1.16357,1.16584,1.1632,1.16564
EURUSD,H4,2025-07-18T16:00:00Z,1.16564,1.16719,1.1626400000000001,1.16286
EURUSD,H4,2025-07-18T20:00:00Z,1.16286,1.16299,1.1617,1.1621
EURUSD,H4,2025-07-21T00:00:00Z,1.16248,1.16364,1.16178,1.16192
EURUSD,H4,2025-07-21T04:00:00Z,1.16192,1.1630099999999999,1.16145,1.16294
EURUSD,H4,2025-07-21T08:00:00Z,1.16294,1.16522,1.16279,1.16424
EURUSD,H4,2025-07-21T12:00:00Z,1.16424,1.16732,1.16336,1.16651
EURUSD,H4,2025-07-21T16:00:00Z,1.16652,1.17168,1.16578,1.17001
EURUSD,H4,2025-07-21T20:00:00Z,1.17001,1.17014,1.16859,1.1695
EURUSD,H4,2025-07-22T00:00:00Z,1.16894,1.16959,1.16836,1.16885
EURUSD,H4,2025-07-22T04:00:00Z,1.16885,1.16958,1.16825,1.1688399999999999
EURUSD,H4,2025-07-22T08:00:00Z,1.1688399999999999,1.17034,1.16818,1.16985
EURUSD,H4,2025-07-22T12:00:00Z,1.16985,1.17095,1.16832,1.16906
EURUSD,H4,2025-07-22T16:00:00Z,1.16906,1.17605,1.1679,1.17551
EURUSD,H4,2025-07-22T20:00:00Z,1.17551,1.17554,1.17419,1.17541
EURUSD,H4,2025-07-23T00:00:00Z,1.17538,1.1756199999999999,1.17334,1.17472
EURUSD,H4,2025-07-23T04:00:00Z,1.17472,1.17487,1.17306,1.1735
EURUSD,H4,2025-07-23T08:00:00Z,1.1735,1.17529,1.17273,1.17329
EURUSD,H4,2025-07-23T12:00:00Z,1.17329,1.1739600000000001,1.17201,1.17251
EURUSD,H4,2025-07-23T16:00:00Z,1.17251,1.17609,1.17109,1.17511
EURUSD,H4,2025-07-23T20:00:00Z,1.17512,1.17751,1.17458,1.17729
EURUSD,H4,2025-07-24T00:00:00Z,1.1767,1.17788,1.17619,1.1767
EURUSD,H4,2025-07-24T04:00:00Z,1.1767,1.17802,1.17668,1.17741
EURUSD,H4,2025-07-24T08:00:00Z,1.17741,1.17784,1.1755,1.17582
EURUSD,H4,2025-07-24T12:00:00Z,1.17582,1.17594,1.17319,1.1736
EURUSD,H4,2025-07-24T16:00:00Z,1.1736,1.17887,1.17304,1.17625
EURUSD,H4,2025-07-24T20:00:00Z,1.17626,1.1778,1.17436,1.17489
EURUSD,H4,2025-07-25T00:00:00Z,1.17442,1.17588,1.17295,1.17544
EURUSD,H4,2025-07-25T04:00:00Z,1.17544,1.17587,1.17341,1.17401
EURUSD,H4,2025-07-25T08:00:00Z,1.17401,1.17608,1.17372,1.17432
EURUSD,H4,2025-07-25T12:00:00Z,1.17431,1.17437,1.17116,1.17183
EURUSD,H4,2025-07-25T16:00:00Z,1.17183,1.17386,1.17029,1.17289
EURUSD,H4,2025-07-25T20:00:00Z,1.17289,1.1747,1.17288,1.17394
EURUSD,H4,2025-07-28T00:00:00Z,1.1755200000000001,1.17704,1.17483,1.17639
EURUSD,H4,2025-07-28T04:00:00Z,1.17639,1.17699,1.1745700000000001,1.17474
EURUSD,H4,2025-07-28T08:00:00Z,1.17474,1.17476,1.16705,1.16791
EURUSD,H4,2025-07-28T12:00:00Z,1.16791,1.16844,1.16438,1.1657899999999999
EURUSD,H4,2025-07-28T16:00:00Z,1.1658,1.16622,1.15984,1.15991
EURUSD,H4,2025-07-28T20:00:00Z,1.15991,1.16018,1.15838,1.15885
EURUSD,H4,2025-07-29T00:00:00Z,1.15875,1.15977,1.15843,1.1585
EURUSD,H4,2025-07-29T04:00:00Z,1.1585,1.15994,1.15747,1.15885
EURUSD,H4,2025-07-29T08:00:00Z,1.15885,1.15904,1.15266,1.1569099999999999
EURUSD,H4,2025-07-29T12:00:00Z,1.15693,1.15882,1.15247,1.15247
EURUSD,H4,2025-07-29T16:00:00Z,1.15248,1.15521,1.15189,1.15415
EURUSD,H4,2025-07-29T20:00:00Z,1.15415,1.15605,1.15375,1.15452
EURUSD,H4,2025-07-30T00:00:00Z,1.15461,1.15678,1.1543,1.15671
EURUSD,H4,2025-07-30T04:00:00Z,1.1567,1.15728,1.15503,1.15511
EURUSD,H4,2025-07-30T08:00:00Z,1.15511,1.15686,1.15402,1.1556899999999999
EURUSD,H4,2025-07-30T12:00:00Z,1.1556899999999999,1.15606,1.14691,1.14731
EURUSD,H4,2025-07-30T16:00:00Z,1.1473,1.14851,1.14581,1.14737
EURUSD,H4,2025-07-30T20:00:00Z,1.14738,1.15035,1.14002,1.14031
EURUSD,H4,2025-07-31T00:00:00Z,1.14033,1.14373,1.13991,1.14343
EURUSD,H4,2025-07-31T04:00:00Z,1.14343,1.1438,1.14074,1.14359
EURUSD,H4,2025-07-31T08:00:00Z,1.14358,1.1461000000000001,1.1431,1.14501
EURUSD,H4,2025-07-31T12:00:00Z,1.14501,1.1451,1.14208,1.14286
EURUSD,H4,2025-07-31T16:00:00Z,1.14286,1.14499,1.1406100000000001,1.14226
EURUSD,H4,2025-07-31T20:00:00Z,1.14226,1.1433,1.14093,1.14135
EURUSD,H4,2025-08-01T00:00:00Z,1.14118,1.1429,1.14089,1.14243
EURUSD,H4,2025-08-01T04:00:00Z,1.14243,1.14285,1.1405,1.14192
EURUSD,H4,2025-08-01T08:00:00Z,1.14192,1.1438,1.14053,1.14066
EURUSD,H4,2025-08-01T12:00:00Z,1.14066,1.15584,1.13917,1.15456
EURUSD,H4,2025-08-01T16:00:00Z,1.15455,1.15883,1.1536,1.15394
EURUSD,H4,2025-08-01T20:00:00Z,1.15393,1.15971,1.15165,1.1584699999999999
EURUSD,H4,2025-08-04T00:00:00Z,1.15852,1.1595900000000001,1.1555900000000001,1.15579
EURUSD,H4,2025-08-04T04:00:00Z,1.15579,1.15861,1.15503,1.15744
EURUSD,H4,2025-08-04T08:00:00Z,1.15743,1.15833,1.15497,1.15581
EURUSD,H4,2025-08-04T12:00:00Z,1.15581,1.15884,1.15552,1.1575199999999999
EURUSD,H4,2025-08-04T16:00:00Z,1.15753,1.15883,1.15568,1.15722
EURUSD,H4,2025-08-04T20:00:00Z,1.15722,1.15775,1.1562999999999999,1.15723
EURUSD,H4,2025-08-05T00:00:00Z,1.15674,1.15878,1.15563,1.1571799999999999
EURUSD,H4,2025-08-05T04:00:00Z,1.15719,1.15739,1.15541,1.15583
EURUSD,H4,2025-08-05T08:00:00Z,1.15583,1.15623,1.15313,1.15367
EURUSD,H4,2025-08-05T12:00:00Z,1.15368,1.15486,1.15277,1.15372
EURUSD,H4,2025-08-05T16:00:00Z,1.15372,1.1586,1.15322,1.15828
EURUSD,H4,2025-08-05T20:00:00Z,1.15828,1.15832,1.15663,1.15749
EURUSD,H4,2025-08-06T00:00:00Z,1.15749,1.15853,1.156,1.15736
EURUSD,H4,2025-08-06T04:00:00Z,1.15736,1.15862,1.15641,1.15828
EURUSD,H4,2025-08-06T08:00:00Z,1.15828,1.15881,1.15704,1.1575
EURUSD,H4,2025-08-06T12:00:00Z,1.1575,1.16287,1.1574200000000001,1.16236
EURUSD,H4,2025-08-06T16:00:00Z,1.16236,1.1648399999999999,1.16174,1.16348
EURUSD,H4,2025-08-06T20:00:00Z,1.16348,1.16687,1.16331,1.16599
EURUSD,H4,2025-08-07T00:00:00Z,1.16589,1.1666,1.16432,1.16524
EURUSD,H4,2025-08-07T04:00:00Z,1.16524,1.16764,1.16495,1.16714
EURUSD,H4,2025-08-07T08:00:00Z,1.16714,1.16989,1.16681,1.16828
EURUSD,H4,2025-08-07T12:00:00Z,1.16828,1.16849,1.16342,1.16512
EURUSD,H4,2025-08-07T16:00:00Z,1.16512,1.16586,1.1611,1.16382
EURUSD,H4,2025-08-07T20:00:00Z,1.16382,1.16713,1.16193,1.16641
EURUSD,H4,2025-08-08T00:00:00Z,1.16644,1.16794,1.16574,1.1672500000000001
EURUSD,H4,2025-08-08T04:00:00Z,1.1672500000000001,1.16737,1.16549,1.16583
EURUSD,H4,2025-08-08T08:00:00Z,1.16583,1.16645,1.16345,1.16372
EURUSD,H4,2025-08-08T12:00:00Z,1.16371,1.1654200000000001,1.16287,1.16418
EURUSD,H4,2025-08-08T16:00:00Z,1.16418,1.16676,1.16414,1.16566
EURUSD,H4,2025-08-08T20:00:00Z,1.16566,1.16668,1.16363,1.16404
EURUSD,H4,2025-08-11T00:00:00Z,1.16412,1.16509,1.16394,1.16475
EURUSD,H4,2025-08-11T04:00:00Z,1.16474,1.16756,1.16453,1.16721
EURUSD,H4,2025-08-11T08:00:00Z,1.16721,1.16738,1.16441,1.16554
EURUSD,H4,2025-08-11T12:00:00Z,1.16548,1.16581,1.1614,1.1620300000000001
EURUSD,H4,2025-08-11T16:00:00Z,1.1620300000000001,1.16277,1.159,1.16076
EURUSD,H4,2025-08-11T20:00:00Z,1.16076,1.16193,1.1598600000000001,1.16158
EURUSD,H4,2025-08-12T00:00:00Z,1.16145,1.16199,1.16043,1.16153
EURUSD,H4,2025-08-12T04:00:00Z,1.16153,1.16278,1.16145,1.16276
EURUSD,H4,2025-08-12T08:00:00Z,1.16276,1.1629,1.1608,1.1615
EURUSD,H4,2025-08-12T12:00:00Z,1.16149,1.16558,1.15985,1.16426
EURUSD,H4,2025-08-12T16:00:00Z,1.16425,1.16973,1.16175,1.1679599999999999
EURUSD,H4,2025-08-12T20:00:00Z,1.16797,1.16804,1.16645,1.1673
EURUSD,H4,2025-08-13T00:00:00Z,1.1674,1.16808,1.16656,1.16799
EURUSD,H4,2025-08-13T04:00:00Z,1.16799,1.16876,1.16704,1.16842
EURUSD,H4,2025-08-13T08:00:00Z,1.16842,1.17206,1.16765,1.1714
EURUSD,H4,2025-08-13T12:00:00Z,1.1714,1.17303,1.16972,1.16991
EURUSD,H4,2025-08-13T16:00:00Z,1.16991,1.17236,1.16929,1.1706699999999999
EURUSD,H4,2025-08-13T20:00:00Z,1.1706699999999999,1.17108,1.16959,1.17044
EURUSD,H4,2025-08-14T00:00:00Z,1.17051,1.17149,1.16952,1.17112
EURUSD,H4,2025-08-14T04:00:00Z,1.17112,1.1715200000000001,1.16989,1.1703999999999999
EURUSD,H4,2025-08-14T08:00:00Z,1.1703999999999999,1.17066,1.16679,1.16685
EURUSD,H4,2025-08-14T12:00:00Z,1.16685,1.16975,1.16492,1.16639
EURUSD,H4,2025-08-14T16:00:00Z,1.16639,1.16714,1.1631,1.16345
EURUSD,H4,2025-08-14T20:00:00Z,1.16345,1.16505,1.16314,1.16482
EURUSD,H4,2025-08-15T00:00:00Z,1.16469,1.16534,1.16422,1.16523
EURUSD,H4,2025-08-15T04:00:00Z,1.16523,1.16648,1.1648399999999999,1.16629
EURUSD,H4,2025-08-15T08:00:00Z,1.16629,1.16851,1.16614,1.16822
EURUSD,H4,2025-08-15T12:00:00Z,1.16822,1.17001,1.16731,1.16941
EURUSD,H4,2025-08-15T16:00:00Z,1.16941,1.17153,1.16817,1.17038
EURUSD,H4,2025-08-15T20:00:00Z,1.17038,1.17081,1.16986,1.17025
EURUSD,H4,2025-08-18T00:00:00Z,1.17065,1.17145,1.17001,1.17019
EURUSD,H4,2025-08-18T04:00:00Z,1.17017,1.17103,1.1693500000000001,1.17086
EURUSD,H4,2025-08-18T08:00:00Z,1.17086,1.1709100000000001,1.1671,1.1682
EURUSD,H4,2025-08-18T12:00:00Z,1.16819,1.16886,1.16662,1.16764
EURUSD,H4,2025-08-18T16:00:00Z,1.16764,1.16846,1.1656,1.16578
EURUSD,H4,2025-08-18T20:00:00Z,1.16578,1.16704,1.16568,1.16609
EURUSD,H4,2025-08-19T00:00:00Z,1.16601,1.16749,1.16468,1.16584
EURUSD,H4,2025-08-19T04:00:00Z,1.16584,1.16624,1.1639,1.16608
EURUSD,H4,2025-08-19T08:00:00Z,1.16607,1.16844,1.1651,1.16749
EURUSD,H4,2025-08-19T12:00:00Z,1.16749,1.16929,1.16727,1.16755
EURUSD,H4,2025-08-19T16:00:00Z,1.16754,1.16784,1.16544,1.16564
EURUSD,H4,2025-08-19T20:00:00Z,1.16563,1.16609,1.1642299999999999,1.16465
EURUSD,H4,2025-08-20T00:00:00Z,1.16443,1.16491,1.16314,1.16388
EURUSD,H4,2025-08-20T04:00:00Z,1.16388,1.1642299999999999,1.16222,1.16344
EURUSD,H4,2025-08-20T08:00:00Z,1.16345,1.16467,1.16232,1.16379
EURUSD,H4,2025-08-20T12:00:00Z,1.16379,1.16737,1.16349,1.1671
EURUSD,H4,2025-08-20T16:00:00Z,1.1671,1.16719,1.16463,1.16598
EURUSD,H4,2025-08-20T20:00:00Z,1.16598,1.1672500000000001,1.16469,1.16502
EURUSD,H4,2025-08-21T00:00:00Z,1.16499,1.1655,1.16411,1.16469
EURUSD,H4,2025-08-21T04:00:00Z,1.1647,1.16507,1.16413,1.16454
EURUSD,H4,2025-08-21T08:00:00Z,1.16456,1.16612,1.1625,1.1655
EURUSD,H4,2025-08-21T12:00:00Z,1.1655,1.1663000000000001,1.16367,1.16465
EURUSD,H4,2025-08-21T16:00:00Z,1.16465,1.165,1.16011,1.16113
EURUSD,H4,2025-08-21T20:00:00Z,1.16112,1.16187,1.16035,1.16059
EURUSD,H4,2025-08-22T00:00:00Z,1.16051,1.16167,1.15916,1.16149
EURUSD,H4,2025-08-22T04:00:00Z,1.16149,1.16158,1.15831,1.15846
EURUSD,H4,2025-08-22T08:00:00Z,1.15846,1.1599599999999999,1.15833,1.15995
EURUSD,H4,2025-08-22T12:00:00Z,1.15995,1.16138,1.15934,1.16088
EURUSD,H4,2025-08-22T16:00:00Z,1.16088,1.17323,1.15976,1.1722
EURUSD,H4,2025-08-22T20:00:00Z,1.17221,1.17426,1.17149,1.17217
EURUSD,H4,2025-08-25T00:00:00Z,1.17185,1.17257,1.16954,1.1697899999999999
EURUSD,H4,2025-08-25T04:00:00Z,1.1697899999999999,1.17079,1.16934,1.1706
EURUSD,H4,2025-08-25T08:00:00Z,1.1706,1.17205,1.16943,1.17042
EURUSD,H4,2025-08-25T12:00:00Z,1.17042,1.17047,1.16852,1.16999
EURUSD,H4,2025-08-25T16:00:00Z,1.16998,1.1709100000000001,1.16513,1.1655
EURUSD,H4,2025-08-25T20:00:00Z,1.1655,1.1656,1.16028,1.16193
EURUSD,H4,2025-08-26T00:00:00Z,1.16155,1.16601,1.161,1.16479
EURUSD,H4,2025-08-26T04:00:00Z,1.16478,1.16502,1.16238,1.16321
EURUSD,H4,2025-08-26T08:00:00Z,1.1632,1.1644700000000001,1.16022,1.1618
EURUSD,H4,2025-08-26T12:00:00Z,1.1617899999999999,1.16606,1.16175,1.16464
EURUSD,H4,2025-08-26T16:00:00Z,1.16462,1.16654,1.16374,1.16489
EURUSD,H4,2025-08-26T20:00:00Z,1.16488,1.16528,1.1633499999999999,1.16404
EURUSD,H4,2025-08-27T00:00:00Z,1.16416,1.16477,1.16337,1.16369
EURUSD,H4,2025-08-27T04:00:00Z,1.16369,1.16409,1.16122,1.1614200000000001
EURUSD,H4,2025-08-27T08:00:00Z,1.16143,1.16239,1.1577,1.15889
EURUSD,H4,2025-08-27T12:00:00Z,1.15889,1.15983,1.1574,1.15865
EURUSD,H4,2025-08-27T16:00:00Z,1.15865,1.16408,1.15822,1.16383
EURUSD,H4,2025-08-27T20:00:00Z,1.16383,1.16429,1.1628,1.16371
EURUSD,H4,2025-08-28T00:00:00Z,1.16351,1.16493,1.16138,1.16456
EURUSD,H4,2025-08-28T04:00:00Z,1.16456,1.16548,1.16387,1.16399
EURUSD,H4,2025-08-28T08:00:00Z,1.16399,1.16497,1.1629,1.16426
EURUSD,H4,2025-08-28T12:00:00Z,1.16427,1.1687,1.16426,1.16695
EURUSD,H4,2025-08-28T16:00:00Z,1.16696,1.16902,1.16585,1.16893
EURUSD,H4,2025-08-28T20:00:00Z,1.16893,1.16974,1.16774,1.16821
EURUSD,H4,2025-08-29T00:00:00Z,1.16826,1.16826,1.16728,1.16749
EURUSD,H4,2025-08-29T04:00:00Z,1.16749,1.16766,1.16563,1.16647
EURUSD,H4,2025-08-29T08:00:00Z,1.16647,1.16901,1.16612,1.16757
EURUSD,H4,2025-08-29T12:00:00Z,1.16757,1.16827,1.1651,1.16586
EURUSD,H4,2025-08-29T16:00:00Z,1.16588,1.17089,1.16537,1.17017
EURUSD,H4,2025-08-29T20:00:00Z,1.17017,1.17032,1.16798,1.16866
EURUSD,H4,2025-09-01T00:00:00Z,1.16943,1.16981,1.16853,1.16973
EURUSD,H4,2025-09-01T04:00:00Z,1.16973,1.17145,1.1688,1.17083
EURUSD,H4,2025-09-01T08:00:00Z,1.17083,1.17363,1.17082,1.17353
EURUSD,H4,2025-09-01T12:00:00Z,1.17353,1.17361,1.17066,1.17076
EURUSD,H4,2025-09-01T16:00:00Z,1.17077,1.17164,1.16966,1.17049
EURUSD,H4,2025-09-01T20:00:00Z,1.17049,1.17137,1.17012,1.17109
EURUSD,H4,2025-09-02T00:00:00Z,1.17106,1.17185,1.16983,1.17044
EURUSD,H4,2025-09-02T04:00:00Z,1.17043,1.17071,1.169,1.1693500000000001
EURUSD,H4,2025-09-02T08:00:00Z,1.1693500000000001,1.17066,1.16337,1.16452
EURUSD,H4,2025-09-02T12:00:00Z,1.16452,1.1653,1.16129,1.16173
EURUSD,H4,2025-09-02T16:00:00Z,1.16174,1.16826,1.1615,1.16442
EURUSD,H4,2025-09-02T20:00:00Z,1.16442,1.1648399999999999,1.16297,1.16411
EURUSD,H4,2025-09-03T00:00:00Z,1.16358,1.16441,1.16236,1.16331
EURUSD,H4,2025-09-03T04:00:00Z,1.1633,1.16356,1.1622,1.16319
EURUSD,H4,2025-09-03T08:00:00Z,1.16319,1.16576,1.1608,1.16565
EURUSD,H4,2025-09-03T12:00:00Z,1.16565,1.16646,1.16397,1.16483
EURUSD,H4,2025-09-03T16:00:00Z,1.16483,1.16822,1.16384,1.16753
EURUSD,H4,2025-09-03T20:00:00Z,1.16753,1.16771,1.16556,1.16606
EURUSD,H4,2025-09-04T00:00:00Z,1.1656900000000001,1.16633,1.1648100000000001,1.16589
EURUSD,H4,2025-09-04T04:00:00Z,1.16589,1.16694,1.16504,1.16516
EURUSD,H4,2025-09-04T08:00:00Z,1.16516,1.1661299999999999,1.16442,1.16578
EURUSD,H4,2025-09-04T12:00:00Z,1.16578,1.16599,1.163,1.1646
EURUSD,H4,2025-09-04T16:00:00Z,1.1646,1.16557,1.16314,1.1639599999999999
EURUSD,H4,2025-09-04T20:00:00Z,1.1639599999999999,1.16525,1.16344,1.1650800000000001
EURUSD,H4,2025-09-05T00:00:00Z,1.16488,1.16607,1.1633,1.16595
EURUSD,H4,2025-09-05T04:00:00Z,1.16596,1.16747,1.16594,1.16669
EURUSD,H4,2025-09-05T08:00:00Z,1.16669,1.16844,1.16651,1.16834
EURUSD,H4,2025-09-05T12:00:00Z,1.16835,1.17497,1.16777,1.17343
EURUSD,H4,2025-09-05T16:00:00Z,1.17342,1.17596,1.1714,1.17389
EURUSD,H4,2025-09-05T20:00:00Z,1.1739,1.17394,1.1713,1.17173
EURUSD,H4,2025-09-08T00:00:00Z,1.17113,1.17184,1.17036,1.1713
EURUSD,H4,2025-09-08T04:00:00Z,1.17131,1.17174,1.1706,1.17131
EURUSD,H4,2025-09-08T08:00:00Z,1.17132,1.17429,1.17119,1.17314
EURUSD,H4,2025-09-08T12:00:00Z,1.17315,1.17415,1.17202,1.17377
EURUSD,H4,2025-09-08T16:00:00Z,1.17378,1.17564,1.1735,1.17408
EURUSD,H4,2025-09-08T20:00:00Z,1.17408,1.17656,1.1735,1.17627
EURUSD,H4,2025-09-09T00:00:00Z,1.17628,1.1774499999999999,1.1753,1.17715
EURUSD,H4,2025-09-09T04:00:00Z,1.17715,1.1778,1.17633,1.17729
EURUSD,H4,2025-09-09T08:00:00Z,1.17728,1.17801,1.17443,1.17595
EURUSD,H4,2025-09-09T12:00:00Z,1.17595,1.17723,1.17276,1.17373
EURUSD,H4,2025-09-09T16:00:00Z,1.17374,1.17627,1.17157,1.17188
EURUSD,H4,2025-09-09T20:00:00Z,1.1718899999999999,1.17236,1.17037,1.17097
EURUSD,H4,2025-09-10T00:00:00Z,1.17071,1.17139,1.1696,1.16971
EURUSD,H4,2025-09-10T04:00:00Z,1.1697,1.17156,1.16895,1.1715
EURUSD,H4,2025-09-10T08:00:00Z,1.17149,1.17184,1.16824,1.17
EURUSD,H4,2025-09-10T12:00:00Z,1.17,1.17275,1.16912,1.17003
EURUSD,H4,2025-09-10T16:00:00Z,1.17004,1.17306,1.16958,1.17057
EURUSD,H4,2025-09-10T20:00:00Z,1.17057,1.17121,1.16933,1.16946
EURUSD,H4,2025-09-11T00:00:00Z,1.16941,1.17069,1.1682299999999999,1.1694
EURUSD,H4,2025-09-11T04:00:00Z,1.1694,1.17029,1.16931,1.16995
EURUSD,H4,2025-09-11T08:00:00Z,1.16995,1.16995,1.16838,1.1692
EURUSD,H4,2025-09-11T12:00:00Z,1.16919,1.17209,1.16606,1.1715
EURUSD,H4,2025-09-11T16:00:00Z,1.17157,1.17461,1.17139,1.17365
EURUSD,H4,2025-09-11T20:00:00Z,1.17365,1.17394,1.17277,1.17357
EURUSD,H4,2025-09-12T00:00:00Z,1.17334,1.17407,1.17206,1.1733
EURUSD,H4,2025-09-12T04:00:00Z,1.1733,1.1734499999999999,1.17209,1.17256
EURUSD,H4,2025-09-12T08:00:00Z,1.17258,1.17478,1.17157,1.17175
EURUSD,H4,2025-09-12T12:00:00Z,1.17175,1.17356,1.17012,1.17124
EURUSD,H4,2025-09-12T16:00:00Z,1.17124,1.17318,1.17033,1.1727
EURUSD,H4,2025-09-12T20:00:00Z,1.17273,1.17419,1.17269,1.17312
EURUSD,H4,2025-09-15T00:00:00Z,1.17256,1.1735,1.17219,1.17268
EURUSD,H4,2025-09-15T04:00:00Z,1.17268,1.17357,1.17229,1.17341
EURUSD,H4,2025-09-15T08:00:00Z,1.17344,1.17443,1.17161,1.17372
EURUSD,H4,2025-09-15T12:00:00Z,1.17372,1.17708,1.17363,1.17696
EURUSD,H4,2025-09-15T16:00:00Z,1.17696,1.1774499999999999,1.17509,1.17585
EURUSD,H4,2025-09-15T20:00:00Z,1.17584,1.1773,1.17582,1.17608
EURUSD,H4,2025-09-16T00:00:00Z,1.1758899999999999,1.17661,1.17575,1.1762
EURUSD,H4,2025-09-16T04:00:00Z,1.17621,1.1787,1.1757900000000001,1.17769
EURUSD,H4,2025-09-16T08:00:00Z,1.17769,1.18038,1.17736,1.1795
EURUSD,H4,2025-09-16T12:00:00Z,1.1795,1.18212,1.17886,1.18046
EURUSD,H4,2025-09-16T16:00:00Z,1.18048,1.1871800000000001,1.18043,1.18646
EURUSD,H4,2025-09-16T20:00:00Z,1.18644,1.18785,1.18582,1.1867
EURUSD,H4,2025-09-17T00:00:00Z,1.18652,1.1873,1.18493,1.18584
EURUSD,H4,2025-09-17T04:00:00Z,1.18584,1.18594,1.18513,1.18541
EURUSD,H4,2025-09-17T08:00:00Z,1.18542,1.18597,1.18383,1.18483
EURUSD,H4,2025-09-17T12:00:00Z,1.18484,1.18499,1.18327,1.18435
EURUSD,H4,2025-09-17T16:00:00Z,1.18436,1.18592,1.18423,1.18532
EURUSD,H4,2025-09-17T20:00:00Z,1.18532,1.19189,1.1808,1.18131
EURUSD,H4,2025-09-18T00:00:00Z,1.18123,1.18287,1.18093,1.18254
EURUSD,H4,2025-09-18T04:00:00Z,1.18254,1.18287,1.17938,1.17951
EURUSD,H4,2025-09-18T08:00:00Z,1.17951,1.18388,1.17805,1.18278
EURUSD,H4,2025-09-18T12:00:00Z,1.18278,1.18482,1.17953,1.17956
EURUSD,H4,2025-09-18T16:00:00Z,1.17954,1.17963,1.1750099999999999,1.17872
EURUSD,H4,2025-09-18T20:00:00Z,1.17871,1.17937,1.17814,1.17859
EURUSD,H4,2025-09-19T00:00:00Z,1.17789,1.17907,1.17755,1.17866
EURUSD,H4,2025-09-19T04:00:00Z,1.17866,1.17927,1.17702,1.1774
EURUSD,H4,2025-09-19T08:00:00Z,1.1774,1.17785,1.17512,1.1761
EURUSD,H4,2025-09-19T12:00:00Z,1.1761,1.17687,1.17288,1.17362
EURUSD,H4,2025-09-19T16:00:00Z,1.17362,1.17679,1.17355,1.17532
EURUSD,H4,2025-09-19T20:00:00Z,1.17532,1.1755200000000001,1.1740599999999999,1.17439
EURUSD,H4,2025-09-22T00:00:00Z,1.17403,1.17479,1.17261,1.17346
EURUSD,H4,2025-09-22T04:00:00Z,1.17346,1.17409,1.17264,1.1730800000000001
EURUSD,H4,2025-09-22T08:00:00Z,1.1730800000000001,1.17692,1.17299,1.17625
EURUSD,H4,2025-09-22T12:00:00Z,1.17624,1.17873,1.17616,1.17832
EURUSD,H4,2025-09-22T16:00:00Z,1.17836,1.17903,1.17628,1.17881
EURUSD,H4,2025-09-22T20:00:00Z,1.17882,1.18026,1.1785700000000001,1.18021
EURUSD,H4,2025-09-23T00:00:00Z,1.18029,1.1807400000000001,1.17902,1.18063
EURUSD,H4,2025-09-23T04:00:00Z,1.18062,1.18198,1.17966,1.17976
EURUSD,H4,2025-09-23T08:00:00Z,1.17971,1.18054,1.17775,1.18028
EURUSD,H4,2025-09-23T12:00:00Z,1.18029,1.18125,1.17843,1.17968
EURUSD,H4,2025-09-23T16:00:00Z,1.17968,1.18093,1.17843,1.1804999999999999
EURUSD,H4,2025-09-23T20:00:00Z,1.18049,1.18183,1.1803,1.18143
EURUSD,H4,2025-09-24T00:00:00Z,1.18133,1.18191,1.18034,1.1804000000000001
EURUSD,H4,2025-09-24T04:00:00Z,1.18039,1.18055,1.17951,1.18031
EURUSD,H4,2025-09-24T08:00:00Z,1.18029,1.18049,1.17664,1.17721
EURUSD,H4,2025-09-24T12:00:00Z,1.17721,1.17749,1.17393,1.17427
EURUSD,H4,2025-09-24T16:00:00Z,1.17427,1.17464,1.17282,1.17327
EURUSD,H4,2025-09-24T20:00:00Z,1.17327,1.1740599999999999,1.17318,1.17376
EURUSD,H4,2025-09-25T00:00:00Z,1.17374,1.17483,1.17354,1.17474
EURUSD,H4,2025-09-25T04:00:00Z,1.17474,1.17538,1.17405,1.1752
EURUSD,H4,2025-09-25T08:00:00Z,1.1752,1.17524,1.17306,1.17428
EURUSD,H4,2025-09-25T12:00:00Z,1.1743000000000001,1.1754,1.16875,1.16982
EURUSD,H4,2025-09-25T16:00:00Z,1.16982,1.17104,1.16666,1.16708
EURUSD,H4,2025-09-25T20:00:00Z,1.16706,1.16721,1.1645699999999999,1.16652
EURUSD,H4,2025-09-26T00:00:00Z,1.16652,1.16714,1.16545,1.16713
EURUSD,H4,2025-09-26T04:00:00Z,1.16714,1.16821,1.16657,1.168
EURUSD,H4,2025-09-26T08:00:00Z,1.168,1.16878,1.16684,1.16806
EURUSD,H4,2025-09-26T12:00:00Z,1.16806,1.16863,1.16614,1.16831
EURUSD,H4,2025-09-26T16:00:00Z,1.16835,1.17046,1.16781,1.1693
EURUSD,H4,2025-09-26T20:00:00Z,1.1693,1.17073,1.16909,1.17002
EURUSD,H4,2025-09-29T00:00:00Z,1.16984,1.17233,1.16946,1.17216
EURUSD,H4,2025-09-29T04:00:00Z,1.17215,1.17331,1.17144,1.17271
EURUSD,H4,2025-09-29T08:00:00Z,1.17271,1.17334,1.17077,1.17238
EURUSD,H4,2025-09-29T12:00:00Z,1.17237,1.17511,1.17092,1.17499
EURUSD,H4,2025-09-29T16:00:00Z,1.17497,1.17546,1.17228,1.17294
EURUSD,H4,2025-09-29T20:00:00Z,1.17293,1.17329,1.17202,1.17269
EURUSD,H4,2025-09-30T00:00:00Z,1.17262,1.17325,1.17127,1.17209
EURUSD,H4,2025-09-30T04:00:00Z,1.17211,1.17287,1.17122,1.17286
EURUSD,H4,2025-09-30T08:00:00Z,1.17287,1.1761300000000001,1.17281,1.17556
EURUSD,H4,2025-09-30T12:00:00Z,1.17556,1.17585,1.17331,1.17372
EURUSD,H4,2025-09-30T16:00:00Z,1.17373,1.1759,1.17165,1.17565
EURUSD,H4,2025-09-30T20:00:00Z,1.17567,1.17615,1.17328,1.17333
EURUSD,H4,2025-10-01T00:00:00Z,1.17328,1.17426,1.17296,1.1736
EURUSD,H4,2025-10-01T04:00:00Z,1.1736,1.17587,1.17303,1.17583
EURUSD,H4,2025-10-01T08:00:00Z,1.17583,1.17787,1.1742,1.17498
EURUSD,H4,2025-10-01T12:00:00Z,1.175,1.17687,1.1716,1.1749
EURUSD,H4,2025-10-01T16:00:00Z,1.1749,1.17635,1.17155,1.17229
EURUSD,H4,2025-10-01T20:00:00Z,1.17231,1.17419,1.17217,1.17302
EURUSD,H4,2025-10-02T00:00:00Z,1.17248,1.17373,1.17228,1.17299
EURUSD,H4,2025-10-02T04:00:00Z,1.17298,1.17421,1.17237,1.17344
EURUSD,H4,2025-10-02T08:00:00Z,1.17344,1.17568,1.17295,1.17538
EURUSD,H4,2025-10-02T12:00:00Z,1.17538,1.17583,1.17344,1.17375
EURUSD,H4,2025-10-02T16:00:00Z,1.17376,1.17439,1.16831,1.17149
EURUSD,H4,2025-10-02T20:00:00Z,1.17147,1.17266,1.17123,1.1716
EURUSD,H4,2025-10-03T00:00:00Z,1.17116,1.1726,1.17075,1.17243
EURUSD,H4,2025-10-03T04:00:00Z,1.17244,1.17293,1.17163,1.17181
EURUSD,H4,2025-10-03T08:00:00Z,1.17181,1.17446,1.17149,1.17402
EURUSD,H4,2025-10-03T12:00:00Z,1.17401,1.17429,1.1727400000000001,1.17395
EURUSD,H4,2025-10-03T16:00:00Z,1.1739600000000001,1.17591,1.17328,1.17398
EURUSD,H4,2025-10-03T20:00:00Z,1.17398,1.17446,1.17267,1.17413
EURUSD,H4,2025-10-06T00:00:00Z,1.1718,1.17269,1.17064,1.17161
EURUSD,H4,2025-10-06T04:00:00Z,1.17167,1.17309,1.171,1.17202
EURUSD,H4,2025-10-06T08:00:00Z,1.17202,1.17253,1.16519,1.16677
EURUSD,H4,2025-10-06T12:00:00Z,1.16668,1.16898,1.16525,1.16891
EURUSD,H4,2025-10-06T16:00:00Z,1.16893,1.17208,1.16837,1.17123
EURUSD,H4,2025-10-06T20:00:00Z,1.17122,1.17169,1.17084,1.17121
EURUSD,H4,2025-10-07T00:00:00Z,1.17044,1.17149,1.16947,1.17089
EURUSD,H4,2025-10-07T04:00:00Z,1.17089,1.17089,1.16944,1.16983
EURUSD,H4,2025-10-07T08:00:00Z,1.16983,1.17,1.16651,1.1666
EURUSD,H4,2025-10-07T12:00:00Z,1.16659,1.16759,1.16539,1.1667
EURUSD,H4,2025-10-07T16:00:00Z,1.1667,1.16812,1.16547,1.167
EURUSD,H4,2025-10-07T20:00:00Z,1.167,1.16794,1.16476,1.16573
EURUSD,H4,2025-10-08T00:00:00Z,1.16565,1.16614,1.16446,1.16474
EURUSD,H4,2025-10-08T04:00:00Z,1.16473,1.16473,1.1616,1.16195
EURUSD,H4,2025-10-08T08:00:00Z,1.16194,1.16355,1.16071,1.16146
EURUSD,H4,2025-10-08T12:00:00Z,1.16147,1.16379,1.16061,1.16326
EURUSD,H4,2025-10-08T16:00:00Z,1.16326,1.1644700000000001,1.15985,1.16053
EURUSD,H4,2025-10-08T20:00:00Z,1.16054,1.1632500000000001,1.15995,1.16284
EURUSD,H4,2025-10-09T00:00:00Z,1.16131,1.16412,1.16114,1.16373
EURUSD,H4,2025-10-09T04:00:00Z,1.16373,1.16478,1.16367,1.16456
EURUSD,H4,2025-10-09T08:00:00Z,1.16456,1.16483,1.16032,1.16124
EURUSD,H4,2025-10-09T12:00:00Z,1.16126,1.16275,1.1605,1.16151
EURUSD,H4,2025-10-09T16:00:00Z,1.16151,1.16235,1.15472,1.1558
EURUSD,H4,2025-10-09T20:00:00Z,1.15579,1.15671,1.15421,1.15644
EURUSD,H4,2025-10-10T00:00:00Z,1.15642,1.15706,1.15504,1.15676
EURUSD,H4,2025-10-10T04:00:00Z,1.15676,1.1574200000000001,1.15626,1.15736
EURUSD,H4,2025-10-10T08:00:00Z,1.15736,1.15895,1.1561,1.15789
EURUSD,H4,2025-10-10T12:00:00Z,1.15788,1.15835,1.15595,1.1572
EURUSD,H4,2025-10-10T16:00:00Z,1.1572,1.16309,1.15619,1.16059
EURUSD,H4,2025-10-10T20:00:00Z,1.16058,1.16285,1.15971,1.16241
EURUSD,H4,2025-10-13T00:00:00Z,1.16101,1.1616,1.15919,1.16158
EURUSD,H4,2025-10-13T04:00:00Z,1.16163,1.16277,1.16098,1.16205
EURUSD,H4,2025-10-13T08:00:00Z,1.16205,1.16299,1.15816,1.15856
EURUSD,H4,2025-10-13T12:00:00Z,1.15855,1.15983,1.15616,1.15687
EURUSD,H4,2025-10-13T16:00:00Z,1.15687,1.15791,1.15576,1.15755
EURUSD,H4,2025-10-13T20:00:00Z,1.15755,1.15777,1.15652,1.15702
EURUSD,H4,2025-10-14T00:00:00Z,1.15678,1.1574,1.15551,1.15612
EURUSD,H4,2025-10-14T04:00:00Z,1.15616,1.15927,1.15609,1.1592
EURUSD,H4,2025-10-14T08:00:00Z,1.15922,1.15936,1.15428,1.15591
EURUSD,H4,2025-10-14T12:00:00Z,1.15591,1.15651,1.15463,1.15558
EURUSD,H4,2025-10-14T16:00:00Z,1.15557,1.1615,1.15545,1.16094
EURUSD,H4,2025-10-14T20:00:00Z,1.1609,1.16122,1.15998,1.16075
EURUSD,H4,2025-10-15T00:00:00Z,1.16058,1.1614200000000001,1.15995,1.16106
EURUSD,H4,2025-10-15T04:00:00Z,1.16106,1.1626,1.16071,1.16184
EURUSD,H4,2025-10-15T08:00:00Z,1.16186,1.16453,1.16177,1.16327
EURUSD,H4,2025-10-15T12:00:00Z,1.16326,1.16392,1.16139,1.16177
EURUSD,H4,2025-10-15T16:00:00Z,1.16177,1.16473,1.16105,1.16402
EURUSD,H4,2025-10-15T20:00:00Z,1.16401,1.16478,1.16271,1.1647
EURUSD,H4,2025-10-16T00:00:00Z,1.16465,1.16671,1.16366,1.1663000000000001
EURUSD,H4,2025-10-16T04:00:00Z,1.16634,1.16754,1.16559,1.16563
EURUSD,H4,2025-10-16T08:00:00Z,1.16561,1.1668,1.16431,1.16591
EURUSD,H4,2025-10-16T12:00:00Z,1.16591,1.16639,1.16464,1.16606
EURUSD,H4,2025-10-16T16:00:00Z,1.16606,1.1679,1.16501,1.16771
EURUSD,H4,2025-10-16T20:00:00Z,1.16771,1.16944,1.16769,1.16875
EURUSD,H4,2025-10-17T00:00:00Z,1.1687400000000001,1.17114,1.16803,1.17068
EURUSD,H4,2025-10-17T04:00:00Z,1.1706699999999999,1.1712500000000001,1.16953,1.17099
EURUSD,H4,2025-10-17T08:00:00Z,1.17099,1.17285,1.16916,1.16975
EURUSD,H4,2025-10-17T12:00:00Z,1.16975,1.17079,1.16669,1.16764
EURUSD,H4,2025-10-17T16:00:00Z,1.16764,1.16814,1.16566,1.16709
EURUSD,H4,2025-10-17T20:00:00Z,1.16709,1.16759,1.16505,1.16511
EURUSD,H4,2025-10-20T00:00:00Z,1.1662,1.16665,1.16519,1.16665
EURUSD,H4,2025-10-20T04:00:00Z,1.16665,1.16739,1.16566,1.16716
EURUSD,H4,2025-10-20T08:00:00Z,1.16716,1.16757,1.16538,1.16635
EURUSD,H4,2025-10-20T12:00:00Z,1.16636,1.16677,1.16445,1.16535
EURUSD,H4,2025-10-20T16:00:00Z,1.16535,1.16645,1.16464,1.16498
EURUSD,H4,2025-10-20T20:00:00Z,1.16495,1.16529,1.16384,1.16409
EURUSD,H4,2025-10-21T00:00:00Z,1.16411,1.16553,1.1630099999999999,1.16532
EURUSD,H4,2025-10-21T04:00:00Z,1.16532,1.16532,1.1632,1.1636
EURUSD,H4,2025-10-21T08:00:00Z,1.1636,1.16378,1.1613,1.1621299999999999
EURUSD,H4,2025-10-21T12:00:00Z,1.16212,1.1627399999999999,1.16019,1.16112
EURUSD,H4,2025-10-21T16:00:00Z,1.16112,1.16247,1.15977,1.1609
EURUSD,H4,2025-10-21T20:00:00Z,1.1609,1.16101,1.15987,1.15993
EURUSD,H4,2025-10-22T00:00:00Z,1.15992,1.16079,1.15875,1.1604700000000001
EURUSD,H4,2025-10-22T04:00:00Z,1.16046,1.1611,1.16015,1.16092
EURUSD,H4,2025-10-22T08:00:00Z,1.16092,1.16157,1.159,1.15977
EURUSD,H4,2025-10-22T12:00:00Z,1.15977,1.16021,1.15769,1.15831
EURUSD,H4,2025-10-22T16:00:00Z,1.15831,1.16227,1.15818,1.16195
EURUSD,H4,2025-10-22T20:00:00Z,1.16195,1.16206,1.16049,1.16093
EURUSD,H4,2025-10-23T00:00:00Z,1.16099,1.16145,1.15977,1.16041
EURUSD,H4,2025-10-23T04:00:00Z,1.16042,1.16056,1.15906,1.1599
EURUSD,H4,2025-10-23T08:00:00Z,1.1599,1.16064,1.1590799999999999,1.15962
EURUSD,H4,2025-10-23T12:00:00Z,1.15962,1.16062,1.15855,1.16007
EURUSD,H4,2025-10-23T16:00:00Z,1.16007,1.16199,1.15982,1.16069
EURUSD,H4,2025-10-23T20:00:00Z,1.16069,1.16202,1.16044,1.16181
EURUSD,H4,2025-10-24T00:00:00Z,1.16183,1.16216,1.16129,1.1618
EURUSD,H4,2025-10-24T04:00:00Z,1.1618,1.16189,1.16058,1.16077
EURUSD,H4,2025-10-24T08:00:00Z,1.16077,1.1628,1.16009,1.16104
EURUSD,H4,2025-10-24T12:00:00Z,1.16097,1.16477,1.16054,1.16342
EURUSD,H4,2025-10-24T16:00:00Z,1.16342,1.16435,1.16182,1.16256
EURUSD,H4,2025-10-24T20:00:00Z,1.16256,1.16361,1.16211,1.16278
EURUSD,H4,2025-10-27T00:00:00Z,1.16332,1.16377,1.16208,1.16349
EURUSD,H4,2025-10-27T04:00:00Z,1.16349,1.16478,1.16207,1.16246
EURUSD,H4,2025-10-27T08:00:00Z,1.16246,1.16332,1.16178,1.16283
EURUSD,H4,2025-10-27T12:00:00Z,1.16283,1.16516,1.16261,1.16414
EURUSD,H4,2025-10-27T16:00:00Z,1.16414,1.1643,1.16316,1.16388
EURUSD,H4,2025-10-27T20:00:00Z,1.16388,1.16523,1.16352,1.1644
EURUSD,H4,2025-10-28T00:00:00Z,1.16443,1.1659,1.16401,1.16557
EURUSD,H4,2025-10-28T04:00:00Z,1.16557,1.16677,1.16541,1.16663
EURUSD,H4,2025-10-28T08:00:00Z,1.16663,1.16681,1.16486,1.16522
EURUSD,H4,2025-10-28T12:00:00Z,1.16521,1.16649,1.1635,1.16402
EURUSD,H4,2025-10-28T16:00:00Z,1.16403,1.16679,1.16257,1.16678
EURUSD,H4,2025-10-28T20:00:00Z,1.16679,1.16687,1.1651,1.16521
EURUSD,H4,2025-10-29T00:00:00Z,1.16503,1.1661,1.1648100000000001,1.16544
EURUSD,H4,2025-10-29T04:00:00Z,1.16544,1.1656,1.16314,1.16342
EURUSD,H4,2025-10-29T08:00:00Z,1.16344,1.16379,1.16233,1.16233
EURUSD,H4,2025-10-29T12:00:00Z,1.16233,1.16489,1.16189,1.1634
EURUSD,H4,2025-10-29T16:00:00Z,1.16341,1.16661,1.16314,1.16573
EURUSD,H4,2025-10-29T20:00:00Z,1.16572,1.1659,1.15777,1.16006
EURUSD,H4,2025-10-30T00:00:00Z,1.16001,1.16155,1.1597,1.1612
EURUSD,H4,2025-10-30T04:00:00Z,1.1612,1.16375,1.1607,1.16321
EURUSD,H4,2025-10-30T08:00:00Z,1.16321,1.16342,1.16067,1.16171
EURUSD,H4,2025-10-30T12:00:00Z,1.16172,1.16284,1.1553200000000001,1.15549
EURUSD,H4,2025-10-30T16:00:00Z,1.1555,1.1586400000000001,1.15469,1.15693
EURUSD,H4,2025-10-30T20:00:00Z,1.15694,1.15724,1.15603,1.1565
EURUSD,H4,2025-10-31T00:00:00Z,1.15651,1.15771,1.15615,1.15738
EURUSD,H4,2025-10-31T04:00:00Z,1.15738,1.1577600000000001,1.1565,1.1572
EURUSD,H4,2025-10-31T08:00:00Z,1.1572,1.15735,1.15551,1.15704
EURUSD,H4,2025-10-31T12:00:00Z,1.15706,1.15769,1.15533,1.1556
EURUSD,H4,2025-10-31T16:00:00Z,1.1555900000000001,1.15563,1.15221,1.15302
EURUSD,H4,2025-10-31T20:00:00Z,1.15304,1.15384,1.15216,1.1537600000000001
EURUSD,H4,2025-11-03T00:00:00Z,1.1528,1.15379,1.15216,1.15271
EURUSD,H4,2025-11-03T04:00:00Z,1.15273,1.15378,1.15265,1.1535
EURUSD,H4,2025-11-03T08:00:00Z,1.1535,1.15414,1.15096,1.15144
EURUSD,H4,2025-11-03T12:00:00Z,1.15144,1.15224,1.15059,1.15111
EURUSD,H4,2025-11-03T16:00:00Z,1.15111,1.15379,1.15051,1.15272
EURUSD,H4,2025-11-03T20:00:00Z,1.15272,1.1531,1.15161,1.15186
EURUSD,H4,2025-11-04T00:00:00Z,1.1519,1.15212,1.14983,1.15101
EURUSD,H4,2025-11-04T04:00:00Z,1.15101,1.15178,1.1505,1.15127
EURUSD,H4,2025-11-04T08:00:00Z,1.15127,1.15336,1.15001,1.15011
EURUSD,H4,2025-11-04T12:00:00Z,1.15011,1.15099,1.14771,1.14921
EURUSD,H4,2025-11-04T16:00:00Z,1.1492,1.14967,1.1473200000000001,1.1484
EURUSD,H4,2025-11-04T20:00:00Z,1.1484,1.14873,1.14751,1.14822
EURUSD,H4,2025-11-05T00:00:00Z,1.14815,1.14981,1.14791,1.14894
EURUSD,H4,2025-11-05T04:00:00Z,1.14894,1.14944,1.14851,1.14918
EURUSD,H4,2025-11-05T08:00:00Z,1.14918,1.14955,1.14817,1.14845
EURUSD,H4,2025-11-05T12:00:00Z,1.14845,1.14936,1.14729,1.14736
EURUSD,H4,2025-11-05T16:00:00Z,1.14736,1.14932,1.14687,1.14805
EURUSD,H4,2025-11-05T20:00:00Z,1.14805,1.1494,1.14788,1.14924
EURUSD,H4,2025-11-06T00:00:00Z,1.14918,1.1509,1.1476899999999999,1.15073
EURUSD,H4,2025-11-06T04:00:00Z,1.15073,1.1511,1.15031,1.15102
EURUSD,H4,2025-11-06T08:00:00Z,1.15102,1.15238,1.15054,1.15135
EURUSD,H4,2025-11-06T12:00:00Z,1.15135,1.15442,1.15102,1.15357
EURUSD,H4,2025-11-06T16:00:00Z,1.15357,1.15429,1.15191,1.15408
EURUSD,H4,2025-11-06T20:00:00Z,1.15408,1.15524,1.15393,1.15471
EURUSD,H4,2025-11-07T00:00:00Z,1.1547,1.15515,1.15297,1.15382
EURUSD,H4,2025-11-07T04:00:00Z,1.15382,1.1543,1.1532499999999999,1.15341
EURUSD,H4,2025-11-07T08:00:00Z,1.15344,1.15423,1.15296,1.15383
EURUSD,H4,2025-11-07T12:00:00Z,1.15382,1.15698,1.15375,1.15676
EURUSD,H4,2025-11-07T16:00:00Z,1.15676,1.15912,1.15655,1.15805
EURUSD,H4,2025-11-07T20:00:00Z,1.15805,1.15836,1.15555,1.15642
EURUSD,H4,2025-11-10T00:00:00Z,1.15547,1.15605,1.15415,1.15582
EURUSD,H4,2025-11-10T04:00:00Z,1.15583,1.15666,1.15513,1.15619
EURUSD,H4,2025-11-10T08:00:00Z,1.15619,1.15831,1.15515,1.15683
EURUSD,H4,2025-11-10T12:00:00Z,1.15683,1.1578,1.15541,1.15679
EURUSD,H4,2025-11-10T16:00:00Z,1.15679,1.15685,1.15412,1.15607
EURUSD,H4,2025-11-10T20:00:00Z,1.15607,1.1565,1.15551,1.1557
EURUSD,H4,2025-11-11T00:00:00Z,1.15555,1.15604,1.15455,1.15547
EURUSD,H4,2025-11-11T04:00:00Z,1.15547,1.15652,1.15519,1.15617
EURUSD,H4,2025-11-11T08:00:00Z,1.15617,1.15686,1.15497,1.15648
EURUSD,H4,2025-11-11T12:00:00Z,1.15647,1.16056,1.15625,1.1601
EURUSD,H4,2025-11-11T16:00:00Z,1.16011,1.1605,1.15907,1.15952
EURUSD,H4,2025-11-11T20:00:00Z,1.15949,1.15956,1.15808,1.1582
EURUSD,H4,2025-11-12T00:00:00Z,1.1582,1.15873,1.15746,1.15754
EURUSD,H4,2025-11-12T04:00:00Z,1.15754,1.15815,1.15701,1.15762
EURUSD,H4,2025-11-12T08:00:00Z,1.15762,1.15884,1.15684,1.15703
EURUSD,H4,2025-11-12T12:00:00Z,1.15703,1.1580300000000001,1.15651,1.15722
EURUSD,H4,2025-11-12T16:00:00Z,1.15722,1.15978,1.15631,1.15932
EURUSD,H4,2025-11-12T20:00:00Z,1.15932,1.15943,1.1584,1.15921
EURUSD,H4,2025-11-13T00:00:00Z,1.15926,1.15942,1.15789,1.15895
EURUSD,H4,2025-11-13T04:00:00Z,1.15895,1.15932,1.1580300000000001,1.1582
EURUSD,H4,2025-11-13T08:00:00Z,1.15818,1.16349,1.15812,1.16166
EURUSD,H4,2025-11-13T12:00:00Z,1.16167,1.1625,1.16046,1.16205
EURUSD,H4,2025-11-13T16:00:00Z,1.16205,1.1656,1.1617,1.16512
EURUSD,H4,2025-11-13T20:00:00Z,1.16512,1.1651799999999999,1.16309,1.16339
EURUSD,H4,2025-11-14T00:00:00Z,1.16321,1.16392,1.16207,1.16334
EURUSD,H4,2025-11-14T04:00:00Z,1.16332,1.16482,1.1629800000000001,1.16478
EURUSD,H4,2025-11-14T08:00:00Z,1.16478,1.16487,1.1620300000000001,1.16221
EURUSD,H4,2025-11-14T12:00:00Z,1.16215,1.16538,1.16089,1.16378
EURUSD,H4,2025-11-14T16:00:00Z,1.16378,1.16385,1.16062,1.1614
EURUSD,H4,2025-11-14T20:00:00Z,1.16141,1.16236,1.16097,1.1617899999999999
EURUSD,H4,2025-11-17T00:00:00Z,1.16143,1.16247,1.1605,1.16066
EURUSD,H4,2025-11-17T04:00:00Z,1.16066,1.16066,1.15964,1.16003
EURUSD,H4,2025-11-17T08:00:00Z,1.16003,1.1615,1.15951,1.16015
EURUSD,H4,2025-11-17T12:00:00Z,1.16015,1.1608100000000001,1.15887,1.15912
EURUSD,H4,2025-11-17T16:00:00Z,1.15912,1.1602000000000001,1.15821,1.15938
EURUSD,H4,2025-11-17T20:00:00Z,1.15938,1.15952,1.15826,1.1592
EURUSD,H4,2025-11-18T00:00:00Z,1.15912,1.15943,1.15795,1.1590799999999999
EURUSD,H4,2025-11-18T04:00:00Z,1.15909,1.16038,1.15881,1.15979
EURUSD,H4,2025-11-18T08:00:00Z,1.15979,1.16064,1.15875,1.15894
EURUSD,H4,2025-11-18T12:00:00Z,1.15893,1.16021,1.15796,1.1596899999999999
EURUSD,H4,2025-11-18T16:00:00Z,1.15968,1.16078,1.1571500000000001,1.15756
EURUSD,H4,2025-11-18T20:00:00Z,1.15757,1.15871,1.1575199999999999,1.1580300000000001
EURUSD,H4,2025-11-19T00:00:00Z,1.1580300000000001,1.15851,1.15688,1.15767
EURUSD,H4,2025-11-19T04:00:00Z,1.15767,1.1590799999999999,1.15725,1.1589
EURUSD,H4,2025-11-19T08:00:00Z,1.15891,1.15973,1.15656,1.15733
EURUSD,H4,2025-11-19T12:00:00Z,1.15732,1.15909,1.15675,1.15729
EURUSD,H4,2025-11-19T16:00:00Z,1.15729,1.15739,1.1526,1.15331
EURUSD,H4,2025-11-19T20:00:00Z,1.15333,1.15385,1.15181,1.15383
EURUSD,H4,2025-11-20T00:00:00Z,1.15365,1.15421,1.15223,1.15228
EURUSD,H4,2025-11-20T04:00:00Z,1.15228,1.15235,1.151,1.15158
EURUSD,H4,2025-11-20T08:00:00Z,1.15157,1.15278,1.15115,1.15277
EURUSD,H4,2025-11-20T12:00:00Z,1.15275,1.15398,1.14994,1.15278
EURUSD,H4,2025-11-20T16:00:00Z,1.15277,1.155,1.15201,1.15288
EURUSD,H4,2025-11-20T20:00:00Z,1.15288,1.15406,1.1524,1.15284
EURUSD,H4,2025-11-21T00:00:00Z,1.15274,1.15384,1.1514199999999999,1.15326
EURUSD,H4,2025-11-21T04:00:00Z,1.15326,1.15421,1.15324,1.1535199999999999
EURUSD,H4,2025-11-21T08:00:00Z,1.1535199999999999,1.15526,1.1525,1.15252
EURUSD,H4,2025-11-21T12:00:00Z,1.15253,1.1527,1.14965,1.15208
EURUSD,H4,2025-11-21T16:00:00Z,1.15207,1.15235,1.14912,1.15072
EURUSD,H4,2025-11-21T20:00:00Z,1.1507100000000001,1.15208,1.15021,1.1514
EURUSD,H4,2025-11-24T00:00:00Z,1.15088,1.15147,1.1502,1.15105
EURUSD,H4,2025-11-24T04:00:00Z,1.15105,1.15285,1.15104,1.15226
EURUSD,H4,2025-11-24T08:00:00Z,1.15226,1.15344,1.1509800000000001,1.15298
EURUSD,H4,2025-11-24T12:00:00Z,1.15297,1.15506,1.15297,1.15384
EURUSD,H4,2025-11-24T16:00:00Z,1.15384,1.15412,1.15116,1.1518
EURUSD,H4,2025-11-24T20:00:00Z,1.1518,1.1529099999999999,1.15173,1.1521
EURUSD,H4,2025-11-25T00:00:00Z,1.15204,1.153,1.15144,1.15258
EURUSD,H4,2025-11-25T04:00:00Z,1.15259,1.15303,1.15116,1.1516899999999999
EURUSD,H4,2025-11-25T08:00:00Z,1.1516899999999999,1.15367,1.15148,1.1534
EURUSD,H4,2025-11-25T12:00:00Z,1.15339,1.15623,1.15247,1.15583
EURUSD,H4,2025-11-25T16:00:00Z,1.15584,1.15841,1.15499,1.15824
EURUSD,H4,2025-11-25T20:00:00Z,1.15824,1.1586,1.15582,1.15694
EURUSD,H4,2025-11-26T00:00:00Z,1.15695,1.15832,1.15633,1.15772
EURUSD,H4,2025-11-26T04:00:00Z,1.15772,1.15917,1.15749,1.15911
EURUSD,H4,2025-11-26T08:00:00Z,1.15911,1.1596,1.15659,1.1571799999999999
EURUSD,H4,2025-11-26T12:00:00Z,1.15719,1.15841,1.15486,1.15524
EURUSD,H4,2025-11-26T16:00:00Z,1.15524,1.16008,1.15471,1.1593
EURUSD,H4,2025-11-26T20:00:00Z,1.15929,1.15975,1.15893,1.15968
EURUSD,H4,2025-11-27T00:00:00Z,1.15909,1.16127,1.15878,1.16092
EURUSD,H4,2025-11-27T04:00:00Z,1.16093,1.16136,1.16,1.16021
EURUSD,H4,2025-11-27T08:00:00Z,1.16024,1.16054,1.15766,1.1577600000000001
EURUSD,H4,2025-11-27T12:00:00Z,1.1577600000000001,1.1597,1.15773,1.15948
EURUSD,H4,2025-11-27T16:00:00Z,1.15948,1.16014,1.15904,1.1595
EURUSD,H4,2025-11-27T20:00:00Z,1.1595,1.15968,1.15912,1.15957
EURUSD,H4,2025-11-28T00:00:00Z,1.15951,1.16021,1.15817,1.15832
EURUSD,H4,2025-11-28T04:00:00Z,1.15833,1.1593,1.15814,1.15888
EURUSD,H4,2025-11-28T08:00:00Z,1.15888,1.15905,1.15664,1.15684
EURUSD,H4,2025-11-28T12:00:00Z,1.15688,1.15785,1.15552,1.15747
EURUSD,H4,2025-11-28T16:00:00Z,1.15747,1.16076,1.15711,1.16028
EURUSD,H4,2025-11-28T20:00:00Z,1.1602999999999999,1.16045,1.15942,1.15954
EURUSD,H4,2025-12-01T00:00:00Z,1.15936,1.16158,1.15871,1.16052
EURUSD,H4,2025-12-01T04:00:00Z,1.16052,1.16058,1.15895,1.1598
EURUSD,H4,2025-12-01T08:00:00Z,1.15978,1.16236,1.15905,1.16222
EURUSD,H4,2025-12-01T12:00:00Z,1.16222,1.16519,1.16191,1.1645
EURUSD,H4,2025-12-01T16:00:00Z,1.1645,1.16451,1.1617899999999999,1.16207
EURUSD,H4,2025-12-01T20:00:00Z,1.16208,1.16235,1.16067,1.16087
EURUSD,H4,2025-12-02T00:00:00Z,1.16092,1.16111,1.16011,1.16093
EURUSD,H4,2025-12-02T04:00:00Z,1.16092,1.1614200000000001,1.16072,1.16101
EURUSD,H4,2025-12-02T08:00:00Z,1.16099,1.16164,1.16023,1.16103
EURUSD,H4,2025-12-02T12:00:00Z,1.16103,1.16195,1.15984,1.16176
EURUSD,H4,2025-12-02T16:00:00Z,1.16176,1.16233,1.15912,1.16072
EURUSD,H4,2025-12-02T20:00:00Z,1.16072,1.16261,1.16055,1.16249
EURUSD,H4,2025-12-03T00:00:00Z,1.16215,1.16375,1.16086,1.16369
EURUSD,H4,2025-12-03T04:00:00Z,1.16369,1.16437,1.16354,1.16427
EURUSD,H4,2025-12-03T08:00:00Z,1.16427,1.16527,1.16358,1.1645699999999999
EURUSD,H4,2025-12-03T12:00:00Z,1.1645699999999999,1.16754,1.1645,1.16663
EURUSD,H4,2025-12-03T16:00:00Z,1.16663,1.16708,1.16545,1.16686
EURUSD,H4,2025-12-03T20:00:00Z,1.16687,1.16776,1.16642,1.16707
EURUSD,H4,2025-12-04T00:00:00Z,1.16706,1.1673,1.16577,1.16633
EURUSD,H4,2025-12-04T04:00:00Z,1.16633,1.1663999999999999,1.16534,1.16597
EURUSD,H4,2025-12-04T08:00:00Z,1.16597,1.16819,1.16531,1.16777
EURUSD,H4,2025-12-04T12:00:00Z,1.16777,1.16808,1.16522,1.16649
EURUSD,H4,2025-12-04T16:00:00Z,1.16649,1.16767,1.16531,1.16562
EURUSD,H4,2025-12-04T20:00:00Z,1.16562,1.16599,1.16411,1.16446
EURUSD,H4,2025-12-05T00:00:00Z,1.1644,1.16538,1.1635900000000001,1.16535
EURUSD,H4,2025-12-05T04:00:00Z,1.16535,1.16593,1.16466,1.16591
EURUSD,H4,2025-12-05T08:00:00Z,1.16591,1.16717,1.16482,1.16544
EURUSD,H4,2025-12-05T12:00:00Z,1.16545,1.1656900000000001,1.16416,1.1651799999999999
EURUSD,H4,2025-12-05T16:00:00Z,1.1651799999999999,1.16601,1.1628,1.16441
EURUSD,H4,2025-12-05T20:00:00Z,1.1644,1.16487,1.16398,1.16418
EURUSD,H4,2025-12-08T00:00:00Z,1.16334,1.16534,1.16306,1.16516
EURUSD,H4,2025-12-08T04:00:00Z,1.16519,1.16564,1.16487,1.16561
EURUSD,H4,2025-12-08T08:00:00Z,1.16561,1.16721,1.16477,1.16488
EURUSD,H4,2025-12-08T12:00:00Z,1.16488,1.16574,1.16458,1.16485
EURUSD,H4,2025-12-08T16:00:00Z,1.16485,1.16547,1.16164,1.16391
EURUSD,H4,2025-12-08T20:00:00Z,1.16392,1.1642000000000001,1.16343,1.16367
EURUSD,H4,2025-12-09T00:00:00Z,1.1636199999999999,1.16477,1.1623,1.16473
EURUSD,H4,2025-12-09T04:00:00Z,1.16471,1.16502,1.16436,1.16487
EURUSD,H4,2025-12-09T08:00:00Z,1.16488,1.16573,1.16336,1.16524
EURUSD,H4,2025-12-09T12:00:00Z,1.16524,1.1654200000000001,1.1629,1.16345
EURUSD,H4,2025-12-09T16:00:00Z,1.16345,1.16412,1.16151,1.16242
EURUSD,H4,2025-12-09T20:00:00Z,1.16242,1.16321,1.1616900000000001,1.16263
EURUSD,H4,2025-12-10T00:00:00Z,1.16255,1.16289,1.16224,1.16238
EURUSD,H4,2025-12-10T04:00:00Z,1.16238,1.16311,1.16217,1.16299
EURUSD,H4,2025-12-10T08:00:00Z,1.16299,1.16577,1.16285,1.16365
EURUSD,H4,2025-12-10T12:00:00Z,1.16366,1.1642299999999999,1.16275,1.16402
EURUSD,H4,2025-12-10T16:00:00Z,1.16401,1.1660300000000001,1.16338,1.16587
EURUSD,H4,2025-12-10T20:00:00Z,1.16586,1.16998,1.16389,1.16953
EURUSD,H4,2025-12-11T00:00:00Z,1.16949,1.17075,1.1682299999999999,1.17017
EURUSD,H4,2025-12-11T04:00:00Z,1.17017,1.17061,1.16845,1.16853
EURUSD,H4,2025-12-11T08:00:00Z,1.16853,1.1706699999999999,1.16822,1.17023
EURUSD,H4,2025-12-11T12:00:00Z,1.17024,1.17365,1.16988,1.17309
EURUSD,H4,2025-12-11T16:00:00Z,1.1731,1.17628,1.17304,1.1755200000000001
EURUSD,H4,2025-12-11T20:00:00Z,1.17551,1.17594,1.17364,1.17382
EURUSD,H4,2025-12-12T00:00:00Z,1.17372,1.17464,1.17291,1.1735
EURUSD,H4,2025-12-12T04:00:00Z,1.1735,1.17394,1.17312,1.17386
EURUSD,H4,2025-12-12T08:00:00Z,1.17387,1.17435,1.17268,1.17328
EURUSD,H4,2025-12-12T12:00:00Z,1.17328,1.17351,1.17196,1.1727400000000001
EURUSD,H4,2025-12-12T16:00:00Z,1.17273,1.17482,1.1723,1.17478
EURUSD,H4,2025-12-12T20:00:00Z,1.17478,1.17499,1.17352,1.174
EURUSD,H4,2025-12-15T00:00:00Z,1.17365,1.17424,1.17241,1.17414
EURUSD,H4,2025-12-15T04:00:00Z,1.17414,1.17449,1.17316,1.17346
EURUSD,H4,2025-12-15T08:00:00Z,1.1734499999999999,1.17436,1.17264,1.17434
EURUSD,H4,2025-12-15T12:00:00Z,1.17434,1.17597,1.17391,1.17474
EURUSD,H4,2025-12-15T16:00:00Z,1.17472,1.17689,1.1743999999999999,1.1746
EURUSD,H4,2025-12-15T20:00:00Z,1.1746,1.17536,1.17384,1.17534
EURUSD,H4,2025-12-16T00:00:00Z,1.1752,1.1758,1.17395,1.1752
EURUSD,H4,2025-12-16T04:00:00Z,1.17521,1.17591,1.17492,1.17506
EURUSD,H4,2025-12-16T08:00:00Z,1.17506,1.17641,1.17444,1.17563
EURUSD,H4,2025-12-16T12:00:00Z,1.17563,1.17947,1.17517,1.17757
EURUSD,H4,2025-12-16T16:00:00Z,1.17758,1.1804000000000001,1.17612,1.17639
EURUSD,H4,2025-12-16T20:00:00Z,1.17638,1.17638,1.17344,1.1746699999999999
EURUSD,H4,2025-12-17T00:00:00Z,1.17445,1.17523,1.17404,1.17474
EURUSD,H4,2025-12-17T04:00:00Z,1.17474,1.17481,1.1724700000000001,1.17292
EURUSD,H4,2025-12-17T08:00:00Z,1.17292,1.17306,1.1703000000000001,1.1716
EURUSD,H4,2025-12-17T12:00:00Z,1.17159,1.17332,1.17077,1.17318
EURUSD,H4,2025-12-17T16:00:00Z,1.17317,1.1758,1.17283,1.17494
EURUSD,H4,2025-12-17T20:00:00Z,1.17494,1.17556,1.17387,1.17403
EURUSD,H4,2025-12-18T00:00:00Z,1.174,1.17459,1.1735,1.17384
EURUSD,H4,2025-12-18T04:00:00Z,1.17384,1.17469,1.17368,1.17458
EURUSD,H4,2025-12-18T08:00:00Z,1.17458,1.17496,1.17172,1.17221
EURUSD,H4,2025-12-18T12:00:00Z,1.17217,1.17629,1.1712500000000001,1.17469
EURUSD,H4,2025-12-18T16:00:00Z,1.1746699999999999,1.17557,1.17153,1.17185
EURUSD,H4,2025-12-18T20:00:00Z,1.17191,1.17277,1.17154,1.17234
EURUSD,H4,2025-12-19T00:00:00Z,1.17211,1.17289,1.1716199999999999,1.17245
EURUSD,H4,2025-12-19T04:00:00Z,1.17244,1.17286,1.17154,1.17199
EURUSD,H4,2025-12-19T08:00:00Z,1.17199,1.17217,1.17032,1.17121
EURUSD,H4,2025-12-19T12:00:00Z,1.17121,1.17195,1.17029,1.17194
EURUSD,H4,2025-12-19T16:00:00Z,1.17195,1.17378,1.17085,1.17193
EURUSD,H4,2025-12-19T20:00:00Z,1.17193,1.17272,1.1703999999999999,1.17071
EURUSD,H4,2025-12-22T00:00:00Z,1.17144,1.17194,1.1706,1.17173
EURUSD,H4,2025-12-22T04:00:00Z,1.17173,1.17222,1.17136,1.17173
EURUSD,H4,2025-12-22T08:00:00Z,1.17173,1.17382,1.1713,1.17301
EURUSD,H4,2025-12-22T12:00:00Z,1.17301,1.17545,1.17287,1.17507
EURUSD,H4,2025-12-22T16:00:00Z,1.17506,1.17693,1.1745,1.17583
EURUSD,H4,2025-12-22T20:00:00Z,1.17583,1.17621,1.17489,1.17616
EURUSD,H4,2025-12-23T00:00:00Z,1.17593,1.1776200000000001,1.17473,1.17731
EURUSD,H4,2025-12-23T04:00:00Z,1.1773,1.17805,1.17724,1.17751
EURUSD,H4,2025-12-23T08:00:00Z,1.17751,1.17929,1.17686,1.17926
EURUSD,H4,2025-12-23T12:00:00Z,1.17927,1.1802,1.17741,1.17747
EURUSD,H4,2025-12-23T16:00:00Z,1.17748,1.17804,1.17638,1.17706
EURUSD,H4,2025-12-23T20:00:00Z,1.17706,1.17967,1.17695,1.17927
EURUSD,H4,2025-12-24T00:00:00Z,1.17932,1.18065,1.17785,1.18054
EURUSD,H4,2025-12-24T04:00:00Z,1.18054,1.18081,1.17859,1.17991
EURUSD,H4,2025-12-24T08:00:00Z,1.1798899999999999,1.18041,1.17797,1.17997
EURUSD,H4,2025-12-24T12:00:00Z,1.17997,1.18,1.17838,1.17853
EURUSD,H4,2025-12-24T16:00:00Z,1.17849,1.17869,1.17726,1.17766
EURUSD,H4,2025-12-24T20:00:00Z,1.17764,1.1782,1.17744,1.17768
EURUSD,H4,2025-12-26T00:00:00Z,1.17773,1.1791800000000001,1.17758,1.17874
EURUSD,H4,2025-12-26T04:00:00Z,1.17874,1.17935,1.17801,1.17862
EURUSD,H4,2025-12-26T08:00:00Z,1.17862,1.17879,1.17664,1.17703
EURUSD,H4,2025-12-26T12:00:00Z,1.17703,1.17968,1.17691,1.17915
EURUSD,H4,2025-12-26T16:00:00Z,1.1791800000000001,1.17945,1.17615,1.17702
EURUSD,H4,2025-12-26T20:00:00Z,1.17702,1.17816,1.17654,1.17696
EURUSD,H4,2025-12-29T00:00:00Z,1.1759,1.17862,1.1759,1.17842
EURUSD,H4,2025-12-29T04:00:00Z,1.17842,1.17853,1.17539,1.17561
EURUSD,H4,2025-12-29T08:00:00Z,1.17563,1.1789,1.17544,1.17764
EURUSD,H4,2025-12-29T12:00:00Z,1.17763,1.17801,1.17557,1.17699
EURUSD,H4,2025-12-29T16:00:00Z,1.17699,1.17887,1.17494,1.17521
EURUSD,H4,2025-12-29T20:00:00Z,1.1752,1.1774499999999999,1.17507,1.1772
EURUSD,H4,2025-12-30T00:00:00Z,1.17721,1.17751,1.17627,1.1775
EURUSD,H4,2025-12-30T04:00:00Z,1.17751,1.1779,1.17705,1.17751
EURUSD,H4,2025-12-30T08:00:00Z,1.17751,1.17799,1.17643,1.17688
EURUSD,H4,2025-12-30T12:00:00Z,1.17688,1.17774,1.17553,1.17634
EURUSD,H4,2025-12-30T16:00:00Z,1.17634,1.17666,1.17453,1.17561
EURUSD,H4,2025-12-30T20:00:00Z,1.1756199999999999,1.17595,1.17433,1.17476
EURUSD,H4,2025-12-31T00:00:00Z,1.17472,1.1749100000000001,1.17419,1.17427
EURUSD,H4,2025-12-31T04:00:00Z,1.17427,1.17435,1.1733,1.17386
EURUSD,H4,2025-12-31T08:00:00Z,1.17386,1.17397,1.17201,1.1735
EURUSD,H4,2025-12-31T12:00:00Z,1.17351,1.17594,1.17286,1.1742
EURUSD,H4,2025-12-31T16:00:00Z,1.1742,1.17487,1.17202,1.1736
EURUSD,H4,2025-12-31T20:00:00Z,1.1736,1.17531,1.17304,1.17456
EURUSD,H4,2026-01-02T00:00:00Z,1.1746,1.17628,1.17383,1.1761
EURUSD,H4,2026-01-02T04:00:00Z,1.1761,1.17649,1.17506,1.17514
EURUSD,H4,2026-01-02T08:00:00Z,1.17513,1.17515,1.17207,1.17215
EURUSD,H4,2026-01-02T12:00:00Z,1.17216,1.17291,1.17132,1.17217
EURUSD,H4,2026-01-02T16:00:00Z,1.17218,1.17544,1.17158,1.17307
EURUSD,H4,2026-01-02T20:00:00Z,1.17307,1.17312,1.17143,1.17194
EURUSD,H4,2026-01-05T00:00:00Z,1.1718600000000001,1.17203,1.16998,1.17003
EURUSD,H4,2026-01-05T04:00:00Z,1.17003,1.17017,1.16723,1.16854
EURUSD,H4,2026-01-05T08:00:00Z,1.16854,1.16947,1.16738,1.16824
EURUSD,H4,2026-01-05T12:00:00Z,1.16825,1.1691,1.16591,1.16744
EURUSD,H4,2026-01-05T16:00:00Z,1.16745,1.17197,1.16733,1.17146
EURUSD,H4,2026-01-05T20:00:00Z,1.17146,1.17288,1.17133,1.1721300000000001
EURUSD,H4,2026-01-06T00:00:00Z,1.17202,1.17254,1.17078,1.17254
EURUSD,H4,2026-01-06T04:00:00Z,1.17253,1.17383,1.17221,1.17289
EURUSD,H4,2026-01-06T08:00:00Z,1.1729,1.17429,1.17079,1.17134
EURUSD,H4,2026-01-06T12:00:00Z,1.17132,1.17172,1.16971,1.1711
EURUSD,H4,2026-01-06T16:00:00Z,1.1711,1.17175,1.16839,1.17007
EURUSD,H4,2026-01-06T20:00:00Z,1.1700599999999999,1.17022,1.16838,1.1688399999999999
EURUSD,H4,2026-01-07T00:00:00Z,1.16883,1.1700599999999999,1.16748,1.16958
EURUSD,H4,2026-01-07T04:00:00Z,1.16958,1.17028,1.16907,1.16932
EURUSD,H4,2026-01-07T08:00:00Z,1.16932,1.16998,1.16727,1.16843
EURUSD,H4,2026-01-07T12:00:00Z,1.16842,1.16949,1.16811,1.16917
EURUSD,H4,2026-01-07T16:00:00Z,1.16916,1.16988,1.16799,1.16879
EURUSD,H4,2026-01-07T20:00:00Z,1.1688,1.16903,1.1673499999999999,1.16755
EURUSD,H4,2026-01-08T00:00:00Z,1.16723,1.16781,1.16712,1.16748
EURUSD,H4,2026-01-08T04:00:00Z,1.16748,1.1683,1.16726,1.16825
EURUSD,H4,2026-01-08T08:00:00Z,1.16825,1.1683,1.16689,1.16768
EURUSD,H4,2026-01-08T12:00:00Z,1.16767,1.16818,1.16582,1.16629
EURUSD,H4,2026-01-08T16:00:00Z,1.16628,1.16739,1.16437,1.16507
EURUSD,H4,2026-01-08T20:00:00Z,1.16507,1.16623,1.16427,1.16582
EURUSD,H4,2026-01-09T00:00:00Z,1.1659,1.16624,1.16445,1.16492
EURUSD,H4,2026-01-09T04:00:00Z,1.16492,1.16593,1.1646,1.16511
EURUSD,H4,2026-01-09T08:00:00Z,1.16511,1.1653,1.16401,1.16424
EURUSD,H4,2026-01-09T12:00:00Z,1.16424,1.16606,1.16233,1.16452
EURUSD,H4,2026-01-09T16:00:00Z,1.16448,1.16525,1.1618,1.16318
EURUSD,H4,2026-01-09T20:00:00Z,1.16319,1.164,1.16289,1.16321
EURUSD,H4,2026-01-12T00:00:00Z,1.16258,1.16714,1.16217,1.16563
EURUSD,H4,2026-01-12T04:00:00Z,1.16562,1.1671,1.16529,1.16692
EURUSD,H4,2026-01-12T08:00:00Z,1.16692,1.16959,1.1663999999999999,1.16819
EURUSD,H4,2026-01-12T12:00:00Z,1.16818,1.16985,1.16755,1.1693
EURUSD,H4,2026-01-12T16:00:00Z,1.16928,1.16929,1.16662,1.16687
EURUSD,H4,2026-01-12T20:00:00Z,1.16687,1.16739,1.16631,1.16662
EURUSD,H4,2026-01-13T00:00:00Z,1.16656,1.16709,1.16562,1.16586
EURUSD,H4,2026-01-13T04:00:00Z,1.16585,1.16676,1.16564,1.16627
EURUSD,H4,2026-01-13T08:00:00Z,1.16628,1.16726,1.16538,1.16719
EURUSD,H4,2026-01-13T12:00:00Z,1.16718,1.16776,1.165,1.16684
EURUSD,H4,2026-01-13T16:00:00Z,1.16684,1.16732,1.1634,1.1646
EURUSD,H4,2026-01-13T20:00:00Z,1.16461,1.16545,1.16413,1.16426
EURUSD,H4,2026-01-14T00:00:00Z,1.16412,1.16456,1.16333,1.16381
EURUSD,H4,2026-01-14T04:00:00Z,1.16381,1.1649,1.1636199999999999,1.16422
EURUSD,H4,2026-01-14T08:00:00Z,1.16422,1.16538,1.16408,1.16519
EURUSD,H4,2026-01-14T12:00:00Z,1.16519,1.166,1.16439,1.165
EURUSD,H4,2026-01-14T16:00:00Z,1.165,1.16617,1.16456,1.16469
EURUSD,H4,2026-01-14T20:00:00Z,1.16467,1.16478,1.16354,1.16452
EURUSD,H4,2026-01-15T00:00:00Z,1.1644,1.1647,1.16292,1.16387
EURUSD,H4,2026-01-15T04:00:00Z,1.16387,1.16415,1.16334,1.16352
EURUSD,H4,2026-01-15T08:00:00Z,1.16352,1.16399,1.16259,1.1635900000000001
EURUSD,H4,2026-01-15T12:00:00Z,1.16358,1.1641,1.15988,1.16015
EURUSD,H4,2026-01-15T16:00:00Z,1.16016,1.16137,1.1593,1.1609
EURUSD,H4,2026-01-15T20:00:00Z,1.1609,1.16175,1.16028,1.16094
EURUSD,H4,2026-01-16T00:00:00Z,1.16073,1.16103,1.16014,1.16071
EURUSD,H4,2026-01-16T04:00:00Z,1.16071,1.16143,1.1606,1.16067
EURUSD,H4,2026-01-16T08:00:00Z,1.16067,1.1615199999999999,1.16044,1.16084
EURUSD,H4,2026-01-16T12:00:00Z,1.16083,1.16234,1.1608100000000001,1.16186
EURUSD,H4,2026-01-16T16:00:00Z,1.16186,1.1627399999999999,1.15845,1.15958
EURUSD,H4,2026-01-16T20:00:00Z,1.15956,1.16023,1.15893,1.15983
EURUSD,H4,2026-01-19T00:00:00Z,1.15817,1.16378,1.15772,1.16226
EURUSD,H4,2026-01-19T04:00:00Z,1.16228,1.16377,1.16157,1.16276
EURUSD,H4,2026-01-19T08:00:00Z,1.16275,1.16414,1.16111,1.16243
EURUSD,H4,2026-01-19T12:00:00Z,1.16245,1.16355,1.1620300000000001,1.1632
EURUSD,H4,2026-01-19T16:00:00Z,1.16318,1.16474,1.16303,1.1645699999999999
EURUSD,H4,2026-01-19T20:00:00Z,1.16458,1.16487,1.16418,1.16454
EURUSD,H4,2026-01-20T00:00:00Z,1.16448,1.16461,1.16326,1.16439
EURUSD,H4,2026-01-20T04:00:00Z,1.16439,1.1672500000000001,1.16405,1.16632
EURUSD,H4,2026-01-20T08:00:00Z,1.16632,1.17328,1.1662,1.17264
EURUSD,H4,2026-01-20T12:00:00Z,1.17263,1.1769,1.1715200000000001,1.17333
EURUSD,H4,2026-01-20T16:00:00Z,1.17334,1.17428,1.1715200000000001,1.17315
EURUSD,H4,2026-01-20T20:00:00Z,1.17315,1.17341,1.17108,1.17262
EURUSD,H4,2026-01-21T00:00:00Z,1.17241,1.17343,1.17165,1.1729
EURUSD,H4,2026-01-21T04:00:00Z,1.17291,1.17317,1.17109,1.17174
EURUSD,H4,2026-01-21T08:00:00Z,1.17174,1.17254,1.17012,1.17035
EURUSD,H4,2026-01-21T12:00:00Z,1.17035,1.1743000000000001,1.17014,1.1739600000000001
EURUSD,H4,2026-01-21T16:00:00Z,1.1739600000000001,1.17408,1.16948,1.17028
EURUSD,H4,2026-01-21T20:00:00Z,1.17028,1.17055,1.1676199999999999,1.16872
EURUSD,H4,2026-01-22T00:00:00Z,1.16818,1.16902,1.167,1.16888
EURUSD,H4,2026-01-22T04:00:00Z,1.16888,1.16972,1.16832,1.16883
EURUSD,H4,2026-01-22T08:00:00Z,1.16883,1.16975,1.16841,1.16927
EURUSD,H4,2026-01-22T12:00:00Z,1.16928,1.1718600000000001,1.16868,1.17139
EURUSD,H4,2026-01-22T16:00:00Z,1.17139,1.17505,1.17109,1.1746699999999999
EURUSD,H4,2026-01-22T20:00:00Z,1.17465,1.17561,1.17414,1.17549
EURUSD,H4,2026-01-23T00:00:00Z,1.17543,1.17594,1.17444,1.17494
EURUSD,H4,2026-01-23T04:00:00Z,1.17493,1.1754,1.17431,1.1751
EURUSD,H4,2026-01-23T08:00:00Z,1.17509,1.17531,1.17282,1.17354
EURUSD,H4,2026-01-23T12:00:00Z,1.17354,1.17473,1.17301,1.17341
EURUSD,H4,2026-01-23T16:00:00Z,1.17341,1.17988,1.17318,1.17945
EURUSD,H4,2026-01-23T20:00:00Z,1.17945,1.18336,1.1777199999999999,1.18263
EURUSD,H4,2026-01-26T00:00:00Z,1.18637,1.18976,1.18445,1.18579
EURUSD,H4,2026-01-26T04:00:00Z,1.18579,1.18765,1.18555,1.1865
EURUSD,H4,2026-01-26T08:00:00Z,1.1865,1.18675,1.18366,1.18637
EURUSD,H4,2026-01-26T12:00:00Z,1.18641,1.18653,1.18349,1.1856
EURUSD,H4,2026-01-26T16:00:00Z,1.1856,1.19069,1.18525,1.18788
EURUSD,H4,2026-01-26T20:00:00Z,1.18788,1.18903,1.18705,1.18797
EURUSD,H4,2026-01-27T00:00:00Z,1.18794,1.18829,1.18716,1.18787
EURUSD,H4,2026-01-27T04:00:00Z,1.18787,1.18994,1.187,1.18768
EURUSD,H4,2026-01-27T08:00:00Z,1.18768,1.18898,1.18503,1.1889
EURUSD,H4,2026-01-27T12:00:00Z,1.1889,1.19387,1.18742,1.19234
EURUSD,H4,2026-01-27T16:00:00Z,1.19235,1.19902,1.19184,1.198
EURUSD,H4,2026-01-27T20:00:00Z,1.198,1.20821,1.19711,1.20393
EURUSD,H4,2026-01-28T00:00:00Z,1.2037200000000001,1.20447,1.19926,1.19928
EURUSD,H4,2026-01-28T04:00:00Z,1.19928,1.20051,1.19749,1.19969
EURUSD,H4,2026-01-28T08:00:00Z,1.1997,1.20258,1.19703,1.19868
EURUSD,H4,2026-01-28T12:00:00Z,1.19868,1.1994799999999999,1.19518,1.19576
EURUSD,H4,2026-01-28T16:00:00Z,1.19578,1.19775,1.19189,1.19411
EURUSD,H4,2026-01-28T20:00:00Z,1.19412,1.19538,1.18957,1.19533
EURUSD,H4,2026-01-29T00:00:00Z,1.19535,1.19853,1.19447,1.19614
EURUSD,H4,2026-01-29T04:00:00Z,1.19614,1.19937,1.19532,1.19811
EURUSD,H4,2026-01-29T08:00:00Z,1.19811,1.19966,1.19515,1.19558
EURUSD,H4,2026-01-29T12:00:00Z,1.19558,1.1971,1.1938,1.19563
EURUSD,H4,2026-01-29T16:00:00Z,1.19565,1.19725,1.19062,1.19562
EURUSD,H4,2026-01-29T20:00:00Z,1.19558,1.19712,1.19456,1.19702
EURUSD,H4,2026-01-30T00:00:00Z,1.1970399999999999,1.19746,1.19141,1.1917
EURUSD,H4,2026-01-30T04:00:00Z,1.1917,1.19351,1.18948,1.19248
EURUSD,H4,2026-01-30T08:00:00Z,1.19248,1.19432,1.18983,1.19087
EURUSD,H4,2026-01-30T12:00:00Z,1.19081,1.19546,1.19018,1.19123
EURUSD,H4,2026-01-30T16:00:00Z,1.19127,1.19212,1.18666,1.18724
EURUSD,H4,2026-01-30T20:00:00Z,1.18723,1.1885,1.18499,1.18526
EURUSD,H4,2026-02-02T00:00:00Z,1.18496,1.18748,1.18397,1.18706
EURUSD,H4,2026-02-02T04:00:00Z,1.18706,1.18748,1.1841,1.18506
EURUSD,H4,2026-02-02T08:00:00Z,1.18506,1.18666,1.1843,1.1862300000000001
EURUSD,H4,2026-02-02T12:00:00Z,1.18622,1.18714,1.18179,1.18208
EURUSD,H4,2026-02-02T16:00:00Z,1.18207,1.18297,1.17904,1.18
EURUSD,H4,2026-02-02T20:00:00Z,1.18,1.18012,1.1776,1.179
EURUSD,H4,2026-02-03T00:00:00Z,1.179,1.18147,1.17793,1.18139
EURUSD,H4,2026-02-03T04:00:00Z,1.18139,1.18166,1.18008,1.18088
EURUSD,H4,2026-02-03T08:00:00Z,1.18088,1.18245,1.17922,1.17922
EURUSD,H4,2026-02-03T12:00:00Z,1.17923,1.18067,1.17826,1.1796
EURUSD,H4,2026-02-03T16:00:00Z,1.1796,1.18289,1.17799,1.18163
EURUSD,H4,2026-02-03T20:00:00Z,1.18163,1.18254,1.18057,1.18185
EURUSD,H4,2026-02-04T00:00:00Z,1.18164,1.1832,1.18088,1.1826
EURUSD,H4,2026-02-04T04:00:00Z,1.1826,1.18362,1.18189,1.18329
EURUSD,H4,2026-02-04T08:00:00Z,1.18329,1.1837900000000001,1.1811099999999999,1.18139
EURUSD,H4,2026-02-04T12:00:00Z,1.18138,1.18269,1.18047,1.18224
EURUSD,H4,2026-02-04T16:00:00Z,1.18225,1.18256,1.17905,1.17976
EURUSD,H4,2026-02-04T20:00:00Z,1.17976,1.18097,1.17945,1.18052
EURUSD,H4,2026-02-05T00:00:00Z,1.18065,1.18083,1.17942,1.18037
EURUSD,H4,2026-02-05T04:00:00Z,1.18037,1.18053,1.17828,1.179
EURUSD,H4,2026-02-05T08:00:00Z,1.179,1.18088,1.17803,1.17807
EURUSD,H4,2026-02-05T12:00:00Z,1.1780599999999999,1.18154,1.17803,1.18117
EURUSD,H4,2026-02-05T16:00:00Z,1.18114,1.18218,1.17817,1.18009
EURUSD,H4,2026-02-05T20:00:00Z,1.18009,1.18029,1.17747,1.17789
EURUSD,H4,2026-02-06T00:00:00Z,1.1776200000000001,1.17883,1.17656,1.1785
EURUSD,H4,2026-02-06T04:00:00Z,1.17852,1.1801300000000001,1.17847,1.17984
EURUSD,H4,2026-02-06T08:00:00Z,1.17983,1.18017,1.1785700000000001,1.17921
EURUSD,H4,2026-02-06T12:00:00Z,1.17921,1.18112,1.17856,1.18104
EURUSD,H4,2026-02-06T16:00:00Z,1.18103,1.18261,1.18052,1.1818
EURUSD,H4,2026-02-06T20:00:00Z,1.1818,1.18239,1.18123,1.18138
EURUSD,H4,2026-02-09T00:00:00Z,1.18104,1.18336,1.18089,1.18255
EURUSD,H4,2026-02-09T04:00:00Z,1.18255,1.18363,1.1816,1.18334
EURUSD,H4,2026-02-09T08:00:00Z,1.18333,1.18698,1.18329,1.18622
EURUSD,H4,2026-02-09T12:00:00Z,1.18622,1.19056,1.18552,1.19037
EURUSD,H4,2026-02-09T16:00:00Z,1.19036,1.19266,1.18929,1.19085
EURUSD,H4,2026-02-09T20:00:00Z,1.19085,1.19222,1.19034,1.19148
EURUSD,H4,2026-02-10T00:00:00Z,1.19108,1.1914500000000001,1.18966,1.19057
EURUSD,H4,2026-02-10T04:00:00Z,1.19058,1.19171,1.19036,1.19074
EURUSD,H4,2026-02-10T08:00:00Z,1.19074,1.19198,1.18994,1.19144
EURUSD,H4,2026-02-10T12:00:00Z,1.19144,1.19175,1.18885,1.19053
EURUSD,H4,2026-02-10T16:00:00Z,1.19055,1.19286,1.18932,1.18957
EURUSD,H4,2026-02-10T20:00:00Z,1.18957,1.19034,1.18868,1.18937
EURUSD,H4,2026-02-11T00:00:00Z,1.18944,1.19021,1.18845,1.18977
EURUSD,H4,2026-02-11T04:00:00Z,1.18977,1.19192,1.18977,1.19184
EURUSD,H4,2026-02-11T08:00:00Z,1.19184,1.19257,1.19101,1.1918
EURUSD,H4,2026-02-11T12:00:00Z,1.1918,1.19272,1.1833,1.1862
EURUSD,H4,2026-02-11T16:00:00Z,1.18618,1.18935,1.1851,1.18858
EURUSD,H4,2026-02-11T20:00:00Z,1.18858,1.18908,1.18686,1.18712
EURUSD,H4,2026-02-12T00:00:00Z,1.18706,1.18826,1.18652,1.18808
EURUSD,H4,2026-02-12T04:00:00Z,1.18808,1.18845,1.18583,1.18647
EURUSD,H4,2026-02-12T08:00:00Z,1.18647,1.18879,1.18523,1.18871
EURUSD,H4,2026-02-12T12:00:00Z,1.18871,1.18874,1.1867,1.18849
EURUSD,H4,2026-02-12T16:00:00Z,1.18849,1.189,1.186,1.18652
EURUSD,H4,2026-02-12T20:00:00Z,1.18654,1.18726,1.1856200000000001,1.18707
EURUSD,H4,2026-02-13T00:00:00Z,1.18698,1.18734,1.18583,1.1867
EURUSD,H4,2026-02-13T04:00:00Z,1.18672,1.18712,1.18579,1.18594
EURUSD,H4,2026-02-13T08:00:00Z,1.18594,1.18665,1.18471,1.18606
EURUSD,H4,2026-02-13T12:00:00Z,1.18605,1.18851,1.18529,1.18744
EURUSD,H4,2026-02-13T16:00:00Z,1.18743,1.18828,1.18475,1.18749
EURUSD,H4,2026-02-13T20:00:00Z,1.18751,1.18807,1.18644,1.18681
EURUSD,H4,2026-02-16T00:00:00Z,1.18643,1.1874500000000001,1.18591,1.18653
EURUSD,H4,2026-02-16T04:00:00Z,1.18653,1.1869,1.18609,1.18649
EURUSD,H4,2026-02-16T08:00:00Z,1.18649,1.18704,1.1857199999999999,1.18645
EURUSD,H4,2026-02-16T12:00:00Z,1.18644,1.18676,1.1849,1.18547
EURUSD,H4,2026-02-16T16:00:00Z,1.18547,1.18635,1.18463,1.18481
EURUSD,H4,2026-02-16T20:00:00Z,1.18481,1.1855,1.1848,1.18514
EURUSD,H4,2026-02-17T00:00:00Z,1.18505,1.1852,1.18407,1.18445
EURUSD,H4,2026-02-17T04:00:00Z,1.18444,1.18474,1.18357,1.18414
EURUSD,H4,2026-02-17T08:00:00Z,1.18414,1.18499,1.18287,1.18466
EURUSD,H4,2026-02-17T12:00:00Z,1.18465,1.18471,1.18159,1.18221
EURUSD,H4,2026-02-17T16:00:00Z,1.18221,1.18423,1.18049,1.18393
EURUSD,H4,2026-02-17T20:00:00Z,1.18393,1.18546,1.18387,1.18534
EURUSD,H4,2026-02-18T00:00:00Z,1.18546,1.18575,1.18425,1.18464
EURUSD,H4,2026-02-18T04:00:00Z,1.18464,1.18474,1.18394,1.18458
EURUSD,H4,2026-02-18T08:00:00Z,1.18458,1.18464,1.18285,1.18361
EURUSD,H4,2026-02-18T12:00:00Z,1.18362,1.18485,1.18236,1.18237
EURUSD,H4,2026-02-18T16:00:00Z,1.18238,1.18277,1.18022,1.18061
EURUSD,H4,2026-02-18T20:00:00Z,1.18061,1.1807400000000001,1.17821,1.1783299999999999
EURUSD,H4,2026-02-19T00:00:00Z,1.17827,1.1795200000000001,1.17816,1.17946
EURUSD,H4,2026-02-19T04:00:00Z,1.17947,1.17956,1.17848,1.17915
EURUSD,H4,2026-02-19T08:00:00Z,1.17915,1.18076,1.17898,1.17999
EURUSD,H4,2026-02-19T12:00:00Z,1.17999,1.18031,1.17515,1.17654
EURUSD,H4,2026-02-19T16:00:00Z,1.17655,1.17754,1.17419,1.1766
EURUSD,H4,2026-02-19T20:00:00Z,1.1766,1.17779,1.1758899999999999,1.1771099999999999
EURUSD,H4,2026-02-20T00:00:00Z,1.17729,1.17761,1.17551,1.1758899999999999
EURUSD,H4,2026-02-20T04:00:00Z,1.1758899999999999,1.17599,1.17502,1.17553
EURUSD,H4,2026-02-20T08:00:00Z,1.17554,1.1768,1.17434,1.17667
EURUSD,H4,2026-02-20T12:00:00Z,1.17667,1.17823,1.17569,1.17692
EURUSD,H4,2026-02-20T16:00:00Z,1.17692,1.18075,1.17554,1.17801
EURUSD,H4,2026-02-20T20:00:00Z,1.17801,1.1798899999999999,1.17769,1.17823
EURUSD,H4,2026-02-23T00:00:00Z,1.17904,1.18347,1.17858,1.18263
EURUSD,H4,2026-02-23T04:00:00Z,1.18263,1.1831,1.18151,1.18197
EURUSD,H4,2026-02-23T08:00:00Z,1.18198,1.18339,1.18001,1.18009
EURUSD,H4,2026-02-23T12:00:00Z,1.18008,1.18014,1.17744,1.17958
EURUSD,H4,2026-02-23T16:00:00Z,1.17958,1.18098,1.17881,1.17987
EURUSD,H4,2026-02-23T20:00:00Z,1.17987,1.18009,1.17839,1.17845
EURUSD,H4,2026-02-24T00:00:00Z,1.17843,1.17963,1.17715,1.17818
EURUSD,H4,2026-02-24T04:00:00Z,1.17818,1.17854,1.17679,1.178
EURUSD,H4,2026-02-24T08:00:00Z,1.178,1.1793,1.17716,1.17876
EURUSD,H4,2026-02-24T12:00:00Z,1.17877,1.17911,1.17679,1.17722
EURUSD,H4,2026-02-24T16:00:00Z,1.17722,1.179,1.1766,1.17856
EURUSD,H4,2026-02-24T20:00:00Z,1.17856,1.1786699999999999,1.17731,1.17736
EURUSD,H4,2026-02-25T00:00:00Z,1.1771,1.17821,1.17633,1.17784
EURUSD,H4,2026-02-25T04:00:00Z,1.17785,1.18055,1.17782,1.18009
EURUSD,H4,2026-02-25T08:00:00Z,1.18009,1.1808,1.17855,1.17878
EURUSD,H4,2026-02-25T12:00:00Z,1.17878,1.179,1.1771,1.1773500000000001
EURUSD,H4,2026-02-25T16:00:00Z,1.17736,1.18143,1.1773,1.18075
EURUSD,H4,2026-02-25T20:00:00Z,1.18075,1.18126,1.18028,1.181
EURUSD,H4,2026-02-26T00:00:00Z,1.18092,1.18289,1.17999,1.18274
EURUSD,H4,2026-02-26T04:00:00Z,1.18274,1.18289,1.18125,1.18197
EURUSD,H4,2026-02-26T08:00:00Z,1.18197,1.18222,1.17966,1.17972
EURUSD,H4,2026-02-26T12:00:00Z,1.17972,1.18168,1.17933,1.18068
EURUSD,H4,2026-02-26T16:00:00Z,1.18069,1.18158,1.17739,1.17761
EURUSD,H4,2026-02-26T20:00:00Z,1.1776,1.18037,1.1774,1.17974
EURUSD,H4,2026-02-27T00:00:00Z,1.17958,1.18056,1.17873,1.17901
EURUSD,H4,2026-02-27T04:00:00Z,1.17903,1.18132,1.17902,1.18086
EURUSD,H4,2026-02-27T08:00:00Z,1.18086,1.18217,1.1792799999999999,1.17953
EURUSD,H4,2026-02-27T12:00:00Z,1.17953,1.18083,1.17904,1.17924
EURUSD,H4,2026-02-27T16:00:00Z,1.17926,1.18268,1.17908,1.18165
EURUSD,H4,2026-02-27T20:00:00Z,1.18165,1.18259,1.1811099999999999,1.1814
EURUSD,H4,2026-03-02T00:00:00Z,1.17723,1.17941,1.1756199999999999,1.17919
EURUSD,H4,2026-03-02T04:00:00Z,1.17919,1.17959,1.17662,1.17663
EURUSD,H4,2026-03-02T08:00:00Z,1.17664,1.17666,1.16981,1.17331
EURUSD,H4,2026-03-02T12:00:00Z,1.17329,1.17474,1.16953,1.16984
EURUSD,H4,2026-03-02T16:00:00Z,1.16983,1.17239,1.16717,1.17072
EURUSD,H4,2026-03-02T20:00:00Z,1.17072,1.17134,1.16785,1.16899
EURUSD,H4,2026-03-03T00:00:00Z,1.16859,1.17069,1.16798,1.1697
EURUSD,H4,2026-03-03T04:00:00Z,1.16967,1.16991,1.1665,1.16666
EURUSD,H4,2026-03-03T08:00:00Z,1.16666,1.16716,1.1598600000000001,1.16056
EURUSD,H4,2026-03-03T12:00:00Z,1.1605699999999999,1.16154,1.1582,1.15906
EURUSD,H4,2026-03-03T16:00:00Z,1.15905,1.1606,1.15302,1.15904
EURUSD,H4,2026-03-03T20:00:00Z,1.15904,1.16258,1.15899,1.16119
EURUSD,H4,2026-03-04T00:00:00Z,1.16116,1.1620300000000001,1.15747,1.15939
EURUSD,H4,2026-03-04T04:00:00Z,1.15939,1.16103,1.1587,1.15952
EURUSD,H4,2026-03-04T08:00:00Z,1.15951,1.1628,1.15897,1.16087
EURUSD,H4,2026-03-04T12:00:00Z,1.16087,1.16547,1.16084,1.1631
EURUSD,H4,2026-03-04T16:00:00Z,1.16305,1.16461,1.16166,1.1633
EURUSD,H4,2026-03-04T20:00:00Z,1.16331,1.16437,1.16233,1.16353
EURUSD,H4,2026-03-05T00:00:00Z,1.16319,1.16474,1.16245,1.16282
EURUSD,H4,2026-03-05T04:00:00Z,1.16282,1.16318,1.15941,1.15946
EURUSD,H4,2026-03-05T08:00:00Z,1.15947,1.16445,1.15814,1.16227
EURUSD,H4,2026-03-05T12:00:00Z,1.16227,1.16318,1.15897,1.15973
EURUSD,H4,2026-03-05T16:00:00Z,1.15973,1.16092,1.15588,1.15879
EURUSD,H4,2026-03-05T20:00:00Z,1.15878,1.16104,1.15701,1.1608100000000001
EURUSD,H4,2026-03-06T00:00:00Z,1.1608,1.16202,1.16033,1.16151
EURUSD,H4,2026-03-06T04:00:00Z,1.1615,1.16212,1.1605699999999999,1.16064
EURUSD,H4,2026-03-06T08:00:00Z,1.16064,1.16182,1.15717,1.1574200000000001
EURUSD,H4,2026-03-06T12:00:00Z,1.1574200000000001,1.15927,1.15504,1.1555
EURUSD,H4,2026-03-06T16:00:00Z,1.15549,1.16131,1.15458,1.15957
EURUSD,H4,2026-03-06T20:00:00Z,1.15957,1.16214,1.15929,1.16161
EURUSD,H4,2026-03-09T00:00:00Z,1.15464,1.15645,1.1516,1.15174
EURUSD,H4,2026-03-09T04:00:00Z,1.15172,1.15296,1.15072,1.15259
EURUSD,H4,2026-03-09T08:00:00Z,1.15259,1.1571500000000001,1.15152,1.15346
EURUSD,H4,2026-03-09T12:00:00Z,1.15348,1.15729,1.15311,1.15533
EURUSD,H4,2026-03-09T16:00:00Z,1.15539,1.15993,1.1547399999999999,1.15877
EURUSD,H4,2026-03-09T20:00:00Z,1.15876,1.1637,1.15753,1.16358
EURUSD,H4,2026-03-10T00:00:00Z,1.16354,1.16456,1.16117,1.16263
EURUSD,H4,2026-03-10T04:00:00Z,1.16263,1.16296,1.16069,1.1611799999999999
EURUSD,H4,2026-03-10T08:00:00Z,1.16117,1.16635,1.16115,1.16458
EURUSD,H4,2026-03-10T12:00:00Z,1.16458,1.1659,1.1620300000000001,1.16345
EURUSD,H4,2026-03-10T16:00:00Z,1.16344,1.16551,1.1627,1.16517
EURUSD,H4,2026-03-10T20:00:00Z,1.16517,1.16673,1.16059,1.16083
EURUSD,H4,2026-03-11T00:00:00Z,1.16105,1.16249,1.16029,1.16181
EURUSD,H4,2026-03-11T04:00:00Z,1.1617899999999999,1.16352,1.16125,1.16338
EURUSD,H4,2026-03-11T08:00:00Z,1.16336,1.16454,1.16034,1.16126
EURUSD,H4,2026-03-11T12:00:00Z,1.16125,1.16139,1.15774,1.15825
EURUSD,H4,2026-03-11T16:00:00Z,1.15825,1.16127,1.1562999999999999,1.15709
EURUSD,H4,2026-03-11T20:00:00Z,1.1571,1.15764,1.15608,1.15666
EURUSD,H4,2026-03-12T00:00:00Z,1.15666,1.15741,1.1534,1.15458
EURUSD,H4,2026-03-12T04:00:00Z,1.15458,1.15555,1.15318,1.15329
EURUSD,H4,2026-03-12T08:00:00Z,1.1533,1.1556,1.15326,1.15473
EURUSD,H4,2026-03-12T12:00:00Z,1.15472,1.15663,1.1532499999999999,1.15392
EURUSD,H4,2026-03-12T16:00:00Z,1.15393,1.15504,1.15109,1.15219
EURUSD,H4,2026-03-12T20:00:00Z,1.15219,1.15319,1.15096,1.15102
EURUSD,H4,2026-03-13T00:00:00Z,1.15113,1.15284,1.15086,1.15234
EURUSD,H4,2026-03-13T04:00:00Z,1.15234,1.15297,1.15,1.15032
EURUSD,H4,2026-03-13T08:00:00Z,1.15033,1.15065,1.14329,1.1445
EURUSD,H4,2026-03-13T12:00:00Z,1.14451,1.14886,1.14451,1.14778
EURUSD,H4,2026-03-13T16:00:00Z,1.14779,1.14901,1.14345,1.14421
EURUSD,H4,2026-03-13T20:00:00Z,1.14421,1.1446,1.14107,1.14152
EURUSD,H4,2026-03-16T00:00:00Z,1.14184,1.14555,1.14173,1.1454900000000001
EURUSD,H4,2026-03-16T04:00:00Z,1.1455,1.14566,1.14396,1.14415
EURUSD,H4,2026-03-16T08:00:00Z,1.14415,1.14453,1.14143,1.14449
EURUSD,H4,2026-03-16T12:00:00Z,1.14449,1.14878,1.1441,1.14738
EURUSD,H4,2026-03-16T16:00:00Z,1.1474,1.15021,1.1474,1.14935
EURUSD,H4,2026-03-16T20:00:00Z,1.14938,1.15248,1.14906,1.15057
EURUSD,H4,2026-03-17T00:00:00Z,1.15046,1.15113,1.1489099999999999,1.1492499999999999
EURUSD,H4,2026-03-17T04:00:00Z,1.1492499999999999,1.1503,1.14865,1.1497
EURUSD,H4,2026-03-17T08:00:00Z,1.1497,1.15181,1.1466,1.15104
EURUSD,H4,2026-03-17T12:00:00Z,1.15106,1.15248,1.15039,1.15241
EURUSD,H4,2026-03-17T16:00:00Z,1.15241,1.15436,1.15181,1.1528
EURUSD,H4,2026-03-17T20:00:00Z,1.1528,1.15472,1.1526399999999999,1.154
EURUSD,H4,2026-03-18T00:00:00Z,1.15391,1.15441,1.15302,1.15327
EURUSD,H4,2026-03-18T04:00:00Z,1.1532499999999999,1.15425,1.15321,1.15415
EURUSD,H4,2026-03-18T08:00:00Z,1.15416,1.15491,1.15176,1.1532499999999999
EURUSD,H4,2026-03-18T12:00:00Z,1.15324,1.15553,1.15056,1.15073
EURUSD,H4,2026-03-18T16:00:00Z,1.15074,1.15297,1.14907,1.15107
EURUSD,H4,2026-03-18T20:00:00Z,1.15105,1.15252,1.1449799999999999,1.14504
EURUSD,H4,2026-03-19T00:00:00Z,1.14508,1.14744,1.145,1.14741
EURUSD,H4,2026-03-19T04:00:00Z,1.1474199999999999,1.14913,1.14669,1.14689
EURUSD,H4,2026-03-19T08:00:00Z,1.14689,1.14768,1.1443,1.1451
EURUSD,H4,2026-03-19T12:00:00Z,1.1451,1.14899,1.1451,1.14872
EURUSD,H4,2026-03-19T16:00:00Z,1.14872,1.15389,1.14695,1.15359
EURUSD,H4,2026-03-19T20:00:00Z,1.15358,1.16162,1.15358,1.15885
EURUSD,H4,2026-03-20T00:00:00Z,1.15876,1.1595,1.1571,1.15739
EURUSD,H4,2026-03-20T04:00:00Z,1.15739,1.1577,1.15551,1.15556
EURUSD,H4,2026-03-20T08:00:00Z,1.15556,1.15809,1.15523,1.15677
EURUSD,H4,2026-03-20T12:00:00Z,1.15678,1.158,1.15351,1.15644
EURUSD,H4,2026-03-20T16:00:00Z,1.15645,1.15665,1.15246,1.1559300000000001
EURUSD,H4,2026-03-20T20:00:00Z,1.1559599999999999,1.15716,1.15468,1.15685
EURUSD,H4,2026-03-23T00:00:00Z,1.15361,1.15648,1.15338,1.15444
EURUSD,H4,2026-03-23T04:00:00Z,1.15442,1.15618,1.15426,1.15505
EURUSD,H4,2026-03-23T08:00:00Z,1.15505,1.15525,1.15204,1.15297
EURUSD,H4,2026-03-23T12:00:00Z,1.15307,1.16191,1.14844,1.16126
EURUSD,H4,2026-03-23T16:00:00Z,1.16135,1.164,1.15764,1.15911
EURUSD,H4,2026-03-23T20:00:00Z,1.15911,1.16374,1.15866,1.16103
EURUSD,H4,2026-03-24T00:00:00Z,1.16097,1.16177,1.1581,1.15884
EURUSD,H4,2026-03-24T04:00:00Z,1.15884,1.1596,1.15757,1.15801
EURUSD,H4,2026-03-24T08:00:00Z,1.15801,1.16177,1.15757,1.15884
EURUSD,H4,2026-03-24T12:00:00Z,1.1589,1.16004,1.15786,1.1584699999999999
EURUSD,H4,2026-03-24T16:00:00Z,1.1584699999999999,1.16069,1.1567,1.15827
EURUSD,H4,2026-03-24T20:00:00Z,1.15826,1.16283,1.1557,1.16069
EURUSD,H4,2026-03-25T00:00:00Z,1.16064,1.16307,1.1595900000000001,1.16233
EURUSD,H4,2026-03-25T04:00:00Z,1.16232,1.16244,1.15973,1.15978
EURUSD,H4,2026-03-25T08:00:00Z,1.15978,1.16166,1.1587,1.16028
EURUSD,H4,2026-03-25T12:00:00Z,1.16028,1.16137,1.15863,1.15913
EURUSD,H4,2026-03-25T16:00:00Z,1.15913,1.15988,1.15553,1.15677
EURUSD,H4,2026-03-25T20:00:00Z,1.15677,1.15836,1.15557,1.15587
EURUSD,H4,2026-03-26T00:00:00Z,1.15581,1.15647,1.15539,1.15583
EURUSD,H4,2026-03-26T04:00:00Z,1.15582,1.15723,1.15547,1.15693
EURUSD,H4,2026-03-26T08:00:00Z,1.15693,1.15698,1.1547399999999999,1.15597
EURUSD,H4,2026-03-26T12:00:00Z,1.15597,1.15651,1.15223,1.1535
EURUSD,H4,2026-03-26T16:00:00Z,1.15349,1.1555,1.15311,1.15356
EURUSD,H4,2026-03-26T20:00:00Z,1.15355,1.15589,1.15196,1.15293
EURUSD,H4,2026-03-27T00:00:00Z,1.15253,1.15402,1.15231,1.15306
EURUSD,H4,2026-03-27T04:00:00Z,1.15306,1.1543700000000001,1.15298,1.15429
EURUSD,H4,2026-03-27T08:00:00Z,1.15428,1.15461,1.1515900000000001,1.15208
EURUSD,H4,2026-03-27T12:00:00Z,1.15202,1.15261,1.15017,1.1515
EURUSD,H4,2026-03-27T16:00:00Z,1.15151,1.15478,1.1514199999999999,1.15191
EURUSD,H4,2026-03-27T20:00:00Z,1.15191,1.1529099999999999,1.15062,1.15112
EURUSD,H4,2026-03-30T00:00:00Z,1.15017,1.15127,1.14876,1.15068
EURUSD,H4,2026-03-30T04:00:00Z,1.15068,1.15212,1.15013,1.15136
EURUSD,H4,2026-03-30T08:00:00Z,1.15136,1.15201,1.14907,1.1496
EURUSD,H4,2026-03-30T12:00:00Z,1.1496,1.15001,1.1473,1.14826
EURUSD,H4,2026-03-30T16:00:00Z,1.14826,1.14879,1.14431,1.146
EURUSD,H4,2026-03-30T20:00:00Z,1.146,1.14662,1.14539,1.14615
EURUSD,H4,2026-03-31T00:00:00Z,1.14646,1.14762,1.14472,1.14748
EURUSD,H4,2026-03-31T04:00:00Z,1.14748,1.1491,1.14663,1.14691
EURUSD,H4,2026-03-31T08:00:00Z,1.14691,1.14756,1.14609,1.1467100000000001
EURUSD,H4,2026-03-31T12:00:00Z,1.1467100000000001,1.1509800000000001,1.14575,1.1503
EURUSD,H4,2026-03-31T16:00:00Z,1.15031,1.15597,1.15006,1.15406
EURUSD,H4,2026-03-31T20:00:00Z,1.15406,1.15635,1.15384,1.15529
EURUSD,H4,2026-04-01T00:00:00Z,1.15584,1.15789,1.1557,1.15744
EURUSD,H4,2026-04-01T04:00:00Z,1.15744,1.15755,1.1555,1.1565400000000001
EURUSD,H4,2026-04-01T08:00:00Z,1.15653,1.16107,1.1562000000000001,1.15963
EURUSD,H4,2026-04-01T12:00:00Z,1.15964,1.16233,1.15808,1.16045
EURUSD,H4,2026-04-01T16:00:00Z,1.1604700000000001,1.16271,1.15987,1.16191
EURUSD,H4,2026-04-01T20:00:00Z,1.1619,1.16235,1.15764,1.15902
EURUSD,H4,2026-04-02T00:00:00Z,1.15877,1.15979,1.15806,1.15956
EURUSD,H4,2026-04-02T04:00:00Z,1.15957,1.1605699999999999,1.15321,1.1537
EURUSD,H4,2026-04-02T08:00:00Z,1.1537,1.1539,1.15152,1.1525400000000001
EURUSD,H4,2026-04-02T12:00:00Z,1.1525400000000001,1.15319,1.15091,1.15244
EURUSD,H4,2026-04-02T16:00:00Z,1.1525,1.15638,1.1520299999999999,1.15393
EURUSD,H4,2026-04-02T20:00:00Z,1.15393,1.15493,1.15321,1.15387
EURUSD,H4,2026-04-03T00:00:00Z,1.15383,1.15452,1.15322,1.15382
EURUSD,H4,2026-04-03T04:00:00Z,1.15382,1.154,1.15321,1.15339
EURUSD,H4,2026-04-03T08:00:00Z,1.15339,1.15464,1.15292,1.15432
EURUSD,H4,2026-04-03T12:00:00Z,1.15431,1.1549,1.15155,1.15309
EURUSD,H4,2026-04-03T16:00:00Z,1.1531,1.1538599999999999,1.15189,1.15192
EURUSD,H4,2026-04-03T20:00:00Z,1.15191,1.1532,1.15104,1.15146
EURUSD,H4,2026-04-06T00:00:00Z,1.15201,1.15225,1.15053,1.15118
EURUSD,H4,2026-04-06T04:00:00Z,1.1512,1.15288,1.15064,1.15244
EURUSD,H4,2026-04-06T08:00:00Z,1.15244,1.15688,1.1522000000000001,1.15553
EURUSD,H4,2026-04-06T12:00:00Z,1.15554,1.15604,1.1537600000000001,1.15534
EURUSD,H4,2026-04-06T16:00:00Z,1.15534,1.15716,1.15354,1.15451
EURUSD,H4,2026-04-06T20:00:00Z,1.1545,1.15527,1.1534200000000001,1.15428
EURUSD,H4,2026-04-07T00:00:00Z,1.1540300000000001,1.1548,1.15366,1.1537600000000001
EURUSD,H4,2026-04-07T04:00:00Z,1.1537600000000001,1.15402,1.15243,1.15383
EURUSD,H4,2026-04-07T08:00:00Z,1.15383,1.15756,1.15302,1.15735
EURUSD,H4,2026-04-07T12:00:00Z,1.15735,1.15755,1.15457,1.15605
EURUSD,H4,2026-04-07T16:00:00Z,1.15605,1.1583,1.1555900000000001,1.15714
EURUSD,H4,2026-04-07T20:00:00Z,1.1571500000000001,1.16051,1.15664,1.15973
EURUSD,H4,2026-04-08T00:00:00Z,1.15939,1.1696900000000001,1.15868,1.16718
EURUSD,H4,2026-04-08T04:00:00Z,1.16717,1.1688399999999999,1.16662,1.16763
EURUSD,H4,2026-04-08T08:00:00Z,1.16767,1.17086,1.16688,1.16811
EURUSD,H4,2026-04-08T12:00:00Z,1.16811,1.1718,1.16775,1.17141
EURUSD,H4,2026-04-08T16:00:00Z,1.17141,1.17218,1.1677,1.16818
EURUSD,H4,2026-04-08T20:00:00Z,1.16818,1.16852,1.16434,1.16621
EURUSD,H4,2026-04-09T00:00:00Z,1.16619,1.16677,1.16495,1.16571
EURUSD,H4,2026-04-09T04:00:00Z,1.16572,1.16711,1.16505,1.16665
EURUSD,H4,2026-04-09T08:00:00Z,1.1666400000000001,1.16749,1.1654200000000001,1.16721
EURUSD,H4,2026-04-09T12:00:00Z,1.16719,1.16899,1.16684,1.1686
EURUSD,H4,2026-04-09T16:00:00Z,1.16864,1.17141,1.16743,1.17106
EURUSD,H4,2026-04-09T20:00:00Z,1.17106,1.17234,1.16951,1.16982
EURUSD,H4,2026-04-10T00:00:00Z,1.16984,1.17026,1.16855,1.1688
EURUSD,H4,2026-04-10T04:00:00Z,1.16881,1.16968,1.16862,1.16919
EURUSD,H4,2026-04-10T08:00:00Z,1.16919,1.1693500000000001,1.16774,1.16859
EURUSD,H4,2026-04-10T12:00:00Z,1.16864,1.17256,1.16848,1.17208
EURUSD,H4,2026-04-10T16:00:00Z,1.17208,1.17392,1.17136,1.17205
EURUSD,H4,2026-04-10T20:00:00Z,1.17205,1.17354,1.17188,1.1726
EURUSD,H4,2026-04-13T00:00:00Z,1.16698,1.16877,1.16641,1.16876
EURUSD,H4,2026-04-13T04:00:00Z,1.16878,1.16902,1.16804,1.16862
EURUSD,H4,2026-04-13T08:00:00Z,1.16862,1.17001,1.1678,1.1686
EURUSD,H4,2026-04-13T12:00:00Z,1.1686,1.16997,1.16806,1.16984
EURUSD,H4,2026-04-13T16:00:00Z,1.16983,1.17314,1.16964,1.1724999999999999
EURUSD,H4,2026-04-13T20:00:00Z,1.1724999999999999,1.17655,1.17248,1.17587
EURUSD,H4,2026-04-14T00:00:00Z,1.17578,1.17677,1.17494,1.17664
EURUSD,H4,2026-04-14T04:00:00Z,1.17664,1.17699,1.17563,1.17668
EURUSD,H4,2026-04-14T08:00:00Z,1.17668,1.17968,1.17581,1.17826
EURUSD,H4,2026-04-14T12:00:00Z,1.17826,1.18061,1.17819,1.18045
EURUSD,H4,2026-04-14T16:00:00Z,1.18046,1.1811099999999999,1.17875,1.17941
EURUSD,H4,2026-04-14T20:00:00Z,1.17941,1.17995,1.17905,1.17945
EURUSD,H4,2026-04-15T00:00:00Z,1.17931,1.18019,1.1786699999999999,1.17941
EURUSD,H4,2026-04-15T04:00:00Z,1.17941,1.17967,1.17789,1.17886
EURUSD,H4,2026-04-15T08:00:00Z,1.17886,1.17994,1.17828,1.1789399999999999
EURUSD,H4,2026-04-15T12:00:00Z,1.1789399999999999,1.1792799999999999,1.1772,1.17882
EURUSD,H4,2026-04-15T16:00:00Z,1.17881,1.1808,1.17841,1.18008
EURUSD,H4,2026-04-15T20:00:00Z,1.18008,1.18046,1.17927,1.17992
EURUSD,H4,2026-04-16T00:00:00Z,1.1798,1.18085,1.17921,1.1807400000000001
EURUSD,H4,2026-04-16T04:00:00Z,1.1807400000000001,1.18239,1.17969,1.18094
EURUSD,H4,2026-04-16T08:00:00Z,1.18094,1.181,1.17765,1.17863
EURUSD,H4,2026-04-16T12:00:00Z,1.17863,1.17887,1.17725,1.17814
EURUSD,H4,2026-04-16T16:00:00Z,1.17815,1.17872,1.17669,1.17748
EURUSD,H4,2026-04-16T20:00:00Z,1.17749,1.17858,1.17682,1.17819
EURUSD,H4,2026-04-17T00:00:00Z,1.17786,1.17876,1.17731,1.1779
EURUSD,H4,2026-04-17T04:00:00Z,1.1779,1.17853,1.17731,1.17826
EURUSD,H4,2026-04-17T08:00:00Z,1.17827,1.1795499999999999,1.17722,1.17938
EURUSD,H4,2026-04-17T12:00:00Z,1.1794,1.18373,1.1791,1.18352
EURUSD,H4,2026-04-17T16:00:00Z,1.1835499999999999,1.18492,1.1792,1.17988
EURUSD,H4,2026-04-17T20:00:00Z,1.17988,1.17988,1.17601,1.1763
EURUSD,H4,2026-04-20T00:00:00Z,1.17356,1.17569,1.1729,1.17546
EURUSD,H4,2026-04-20T04:00:00Z,1.17545,1.17625,1.17507,1.17592
EURUSD,H4,2026-04-20T08:00:00Z,1.17592,1.17718,1.17471,1.17611
EURUSD,H4,2026-04-20T12:00:00Z,1.1761,1.17753,1.17553,1.17651
EURUSD,H4,2026-04-20T16:00:00Z,1.17651,1.1789399999999999,1.17611,1.1785700000000001
EURUSD,H4,2026-04-20T20:00:00Z,1.1785700000000001,1.17902,1.17787,1.1786699999999999
EURUSD,H4,2026-04-21T00:00:00Z,1.17809,1.17909,1.17808,1.17829
EURUSD,H4,2026-04-21T04:00:00Z,1.17829,1.17862,1.17733,1.17755
EURUSD,H4,2026-04-21T08:00:00Z,1.17755,1.17823,1.1757,1.17653
EURUSD,H4,2026-04-21T12:00:00Z,1.17652,1.1768399999999999,1.17542,1.17593
EURUSD,H4,2026-04-21T16:00:00Z,1.17593,1.17759,1.17405,1.17416
EURUSD,H4,2026-04-21T20:00:00Z,1.17415,1.17636,1.17193,1.17431
EURUSD,H4,2026-04-22T00:00:00Z,1.17404,1.17514,1.17303,1.17438
EURUSD,H4,2026-04-22T04:00:00Z,1.17438,1.17484,1.17375,1.17395
EURUSD,H4,2026-04-22T08:00:00Z,1.17395,1.17626,1.17391,1.17538
EURUSD,H4,2026-04-22T12:00:00Z,1.17538,1.17574,1.17248,1.17277
EURUSD,H4,2026-04-22T16:00:00Z,1.17277,1.17433,1.171,1.17127
EURUSD,H4,2026-04-22T20:00:00Z,1.17127,1.17168,1.1703000000000001,1.17062
EURUSD,H4,2026-04-23T00:00:00Z,1.17042,1.17137,1.16923,1.17116
EURUSD,H4,2026-04-23T04:00:00Z,1.17116,1.17131,1.16949,1.17002
EURUSD,H4,2026-04-23T08:00:00Z,1.17001,1.1712,1.16954,1.17016
EURUSD,H4,2026-04-23T12:00:00Z,1.17016,1.17023,1.1679,1.16921
EURUSD,H4,2026-04-23T16:00:00Z,1.16921,1.17165,1.16824,1.17022
EURUSD,H4,2026-04-23T20:00:00Z,1.17023,1.17028,1.1669,1.16824
EURUSD,H4,2026-04-24T00:00:00Z,1.16826,1.16885,1.16758,1.16854
EURUSD,H4,2026-04-24T04:00:00Z,1.16854,1.16894,1.16728,1.1679
EURUSD,H4,2026-04-24T08:00:00Z,1.16792,1.16959,1.16761,1.16897
EURUSD,H4,2026-04-24T12:00:00Z,1.16899,1.17185,1.16841,1.17088
EURUSD,H4,2026-04-24T16:00:00Z,1.17089,1.17198,1.16986,1.17192
EURUSD,H4,2026-04-24T20:00:00Z,1.17191,1.17227,1.17109,1.17225
EURUSD,H4,2026-04-27T00:00:00Z,1.16922,1.1717,1.16912,1.1716
EURUSD,H4,2026-04-27T04:00:00Z,1.17163,1.17326,1.17163,1.17266
EURUSD,H4,2026-04-27T08:00:00Z,1.17266,1.17509,1.17167,1.17485
EURUSD,H4,2026-04-27T12:00:00Z,1.17485,1.17549,1.17379,1.17444
EURUSD,H4,2026-04-27T16:00:00Z,1.17444,1.1754,1.17251,1.17259
EURUSD,H4,2026-04-27T20:00:00Z,1.1726,1.173,1.17188,1.172
EURUSD,H4,2026-04-28T00:00:00Z,1.17179,1.17271,1.17171,1.17188
EURUSD,H4,2026-04-28T04:00:00Z,1.1718600000000001,1.17188,1.17078,1.17126
EURUSD,H4,2026-04-28T08:00:00Z,1.17126,1.17133,1.16861,1.17022
EURUSD,H4,2026-04-28T12:00:00Z,1.17022,1.17022,1.16773,1.1697
EURUSD,H4,2026-04-28T16:00:00Z,1.16968,1.1717,1.16886,1.17105
EURUSD,H4,2026-04-28T20:00:00Z,1.17104,1.17177,1.17065,1.17126
EURUSD,H4,2026-04-29T00:00:00Z,1.17016,1.17207,1.17016,1.17157
EURUSD,H4,2026-04-29T04:00:00Z,1.17158,1.17168,1.17044,1.17056
EURUSD,H4,2026-04-29T08:00:00Z,1.17056,1.17082,1.16937,1.17002
EURUSD,H4,2026-04-29T12:00:00Z,1.17002,1.17096,1.1693500000000001,1.1699
EURUSD,H4,2026-04-29T16:00:00Z,1.1699,1.1703999999999999,1.16824,1.1684700000000001
EURUSD,H4,2026-04-29T20:00:00Z,1.16848,1.16906,1.1661299999999999,1.1675
EURUSD,H4,2026-04-30T00:00:00Z,1.16758,1.16892,1.16647,1.16793
EURUSD,H4,2026-04-30T04:00:00Z,1.16793,1.16818,1.16551,1.16601
EURUSD,H4,2026-04-30T08:00:00Z,1.166,1.16975,1.16578,1.168
EURUSD,H4,2026-04-30T12:00:00Z,1.16794,1.17195,1.16732,1.16927
EURUSD,H4,2026-04-30T16:00:00Z,1.16926,1.17358,1.16818,1.17254
EURUSD,H4,2026-04-30T20:00:00Z,1.17254,1.17416,1.17221,1.17304
EURUSD,H4,2026-05-01T00:00:00Z,1.17297,1.17347,1.17242,1.17278
EURUSD,H4,2026-05-01T04:00:00Z,1.17278,1.17364,1.17252,1.17267
EURUSD,H4,2026-05-01T08:00:00Z,1.17267,1.1748,1.1718899999999999,1.17435
EURUSD,H4,2026-05-01T12:00:00Z,1.17435,1.17689,1.1730800000000001,1.17575
EURUSD,H4,2026-05-01T16:00:00Z,1.17573,1.17852,1.17377,1.17382
EURUSD,H4,2026-05-01T20:00:00Z,1.17382,1.17404,1.17154,1.17194
EURUSD,H4,2026-05-04T00:00:00Z,1.17445,1.17486,1.17215,1.17271
EURUSD,H4,2026-05-04T04:00:00Z,1.17268,1.17389,1.17201,1.17292
EURUSD,H4,2026-05-04T08:00:00Z,1.17291,1.17373,1.17113,1.17192
EURUSD,H4,2026-05-04T12:00:00Z,1.17191,1.17237,1.16887,1.1709100000000001
EURUSD,H4,2026-05-04T16:00:00Z,1.17093,1.17178,1.1681,1.1682299999999999
EURUSD,H4,2026-05-04T20:00:00Z,1.16824,1.17021,1.16818,1.16915
EURUSD,H4,2026-05-05T00:00:00Z,1.16876,1.16938,1.16851,1.16863
EURUSD,H4,2026-05-05T04:00:00Z,1.16863,1.16915,1.16769,1.16777
EURUSD,H4,2026-05-05T08:00:00Z,1.16778,1.16965,1.16765,1.16887
EURUSD,H4,2026-05-05T12:00:00Z,1.16888,1.16977,1.16811,1.16925
EURUSD,H4,2026-05-05T16:00:00Z,1.16924,1.17135,1.16914,1.16993
EURUSD,H4,2026-05-05T20:00:00Z,1.16994,1.1703999999999999,1.1692,1.16925
EURUSD,H4,2026-05-06T00:00:00Z,1.16916,1.17255,1.16845,1.17203
EURUSD,H4,2026-05-06T04:00:00Z,1.17202,1.17429,1.17156,1.1737
EURUSD,H4,2026-05-06T08:00:00Z,1.1736900000000001,1.17707,1.17243,1.17629
EURUSD,H4,2026-05-06T12:00:00Z,1.17625,1.17968,1.1751800000000001,1.17536
EURUSD,H4,2026-05-06T16:00:00Z,1.17535,1.17629,1.17418,1.17443
EURUSD,H4,2026-05-06T20:00:00Z,1.17442,1.17556,1.17427,1.1748
EURUSD,H4,2026-05-07T00:00:00Z,1.17454,1.17542,1.17431,1.17485
EURUSD,H4,2026-05-07T04:00:00Z,1.17486,1.17634,1.17464,1.1751
EURUSD,H4,2026-05-07T08:00:00Z,1.1751,1.17742,1.17449,1.17717
EURUSD,H4,2026-05-07T12:00:00Z,1.17718,1.17783,1.17622,1.17728
EURUSD,H4,2026-05-07T16:00:00Z,1.17728,1.17779,1.17564,1.17605
EURUSD,H4,2026-05-07T20:00:00Z,1.17604,1.17609,1.1722,1.17229
EURUSD,H4,2026-05-08T00:00:00Z,1.17201,1.17348,1.17201,1.17269
EURUSD,H4,2026-05-08T04:00:00Z,1.1727,1.17359,1.17246,1.17353
EURUSD,H4,2026-05-08T08:00:00Z,1.17352,1.17657,1.1733,1.17639
EURUSD,H4,2026-05-08T12:00:00Z,1.17638,1.17787,1.17563,1.17741
EURUSD,H4,2026-05-08T16:00:00Z,1.17739,1.1787,1.17665,1.17713
EURUSD,H4,2026-05-08T20:00:00Z,1.1771099999999999,1.17877,1.17706,1.17852
EURUSD,H4,2026-05-11T00:00:00Z,1.17472,1.17721,1.17445,1.177
EURUSD,H4,2026-05-11T04:00:00Z,1.17699,1.17712,1.17502,1.17506
EURUSD,H4,2026-05-11T08:00:00Z,1.17506,1.17822,1.17488,1.17714
EURUSD,H4,2026-05-11T12:00:00Z,1.17714,1.17746,1.17635,1.1774499999999999
EURUSD,H4,2026-05-11T16:00:00Z,1.17744,1.17878,1.17723,1.17733
EURUSD,H4,2026-05-11T20:00:00Z,1.17733,1.1783,1.17709,1.17819
EURUSD,H4,2026-05-12T00:00:00Z,1.17793,1.17879,1.17662,1.1767
EURUSD,H4,2026-05-12T04:00:00Z,1.17671,1.1769,1.17546,1.17571
EURUSD,H4,2026-05-12T08:00:00Z,1.17571,1.1768,1.17394,1.17447
EURUSD,H4,2026-05-12T12:00:00Z,1.17446,1.17516,1.17349,1.17478
EURUSD,H4,2026-05-12T16:00:00Z,1.17476,1.175,1.17217,1.17283
EURUSD,H4,2026-05-12T20:00:00Z,1.1728399999999999,1.17468,1.17273,1.17401
EURUSD,H4,2026-05-13T00:00:00Z,1.17354,1.17413,1.17315,1.17381
EURUSD,H4,2026-05-13T04:00:00Z,1.17381,1.17418,1.17319,1.17346
EURUSD,H4,2026-05-13T08:00:00Z,1.17346,1.1737,1.17003,1.17017
EURUSD,H4,2026-05-13T12:00:00Z,1.17017,1.17173,1.16955,1.17018
EURUSD,H4,2026-05-13T16:00:00Z,1.17019,1.17179,1.1701,1.17086
EURUSD,H4,2026-05-13T20:00:00Z,1.17086,1.17135,1.1703999999999999,1.17134
EURUSD,H4,2026-05-14T00:00:00Z,1.17057,1.17188,1.17026,1.1717
EURUSD,H4,2026-05-14T04:00:00Z,1.1717,1.17176,1.17097,1.17143
EURUSD,H4,2026-05-14T08:00:00Z,1.17146,1.17215,1.17048,1.17111
EURUSD,H4,2026-05-14T12:00:00Z,1.17111,1.17131,1.16962,1.16972
EURUSD,H4,2026-05-14T16:00:00Z,1.16971,1.17,1.16708,1.16764
EURUSD,H4,2026-05-14T20:00:00Z,1.16764,1.16807,1.16657,1.1669
EURUSD,H4,2026-05-15T00:00:00Z,1.16672,1.1672,1.16522,1.16554
EURUSD,H4,2026-05-15T04:00:00Z,1.16554,1.16576,1.1645699999999999,1.16473
EURUSD,H4,2026-05-15T08:00:00Z,1.16474,1.16489,1.16304,1.16329
EURUSD,H4,2026-05-15T12:00:00Z,1.16331,1.16554,1.16172,1.16263
EURUSD,H4,2026-05-15T16:00:00Z,1.1626400000000001,1.16378,1.16191,1.1630099999999999
EURUSD,H4,2026-05-15T20:00:00Z,1.16299,1.16356,1.1616900000000001,1.16247
EURUSD,H4,2026-05-18T00:00:00Z,1.16164,1.16246,1.16083,1.16117
EURUSD,H4,2026-05-18T04:00:00Z,1.16116,1.16262,1.16084,1.16207
EURUSD,H4,2026-05-18T08:00:00Z,1.16208,1.16451,1.16166,1.16416
EURUSD,H4,2026-05-18T12:00:00Z,1.16416,1.16573,1.16263,1.16513
EURUSD,H4,2026-05-18T16:00:00Z,1.16513,1.16562,1.16334,1.16515
EURUSD,H4,2026-05-18T20:00:00Z,1.16512,1.16607,1.16286,1.16561
EURUSD,H4,2026-05-19T00:00:00Z,1.1655,1.16621,1.16438,1.16444
EURUSD,H4,2026-05-19T04:00:00Z,1.16445,1.16528,1.16352,1.16365
EURUSD,H4,2026-05-19T08:00:00Z,1.16365,1.16458,1.16221,1.16233
EURUSD,H4,2026-05-19T12:00:00Z,1.16234,1.16266,1.16111,1.16172
EURUSD,H4,2026-05-19T16:00:00Z,1.16167,1.1618,1.15922,1.1607
EURUSD,H4,2026-05-19T20:00:00Z,1.1607,1.16147,1.16027,1.16061
EURUSD,H4,2026-05-20T00:00:00Z,1.16039,1.16129,1.15915,1.16014
EURUSD,H4,2026-05-20T04:00:00Z,1.16013,1.16067,1.15936,1.15973
EURUSD,H4,2026-05-20T08:00:00Z,1.15973,1.16059,1.15836,1.15903
EURUSD,H4,2026-05-20T12:00:00Z,1.15899,1.16056,1.1587399999999999,1.15953
EURUSD,H4,2026-05-20T16:00:00Z,1.15953,1.16451,1.15827,1.16254
EURUSD,H4,2026-05-20T20:00:00Z,1.16255,1.16357,1.1616,1.1625
EURUSD,H4,2026-05-21T00:00:00Z,1.16211,1.1629,1.16132,1.16285
EURUSD,H4,2026-05-21T04:00:00Z,1.16285,1.16354,1.16158,1.16222
EURUSD,H4,2026-05-21T08:00:00Z,1.16222,1.16353,1.15941,1.16236
EURUSD,H4,2026-05-21T12:00:00Z,1.16234,1.1633499999999999,1.1593,1.15972
EURUSD,H4,2026-05-21T16:00:00Z,1.15972,1.1601,1.15759,1.15954
EURUSD,H4,2026-05-21T20:00:00Z,1.15954,1.1630099999999999,1.15928,1.16171
EURUSD,H4,2026-05-22T00:00:00Z,1.16167,1.16196,1.16088,1.16144
EURUSD,H4,2026-05-22T04:00:00Z,1.1614,1.16158,1.16087,1.16153
EURUSD,H4,2026-05-22T08:00:00Z,1.1615,1.1616900000000001,1.16014,1.16078
EURUSD,H4,2026-05-22T12:00:00Z,1.16077,1.1608100000000001,1.15934,1.16045
EURUSD,H4,2026-05-22T16:00:00Z,1.16044,1.16184,1.15881,1.16111
EURUSD,H4,2026-05-22T20:00:00Z,1.16112,1.16191,1.15976,1.16016
EURUSD,H4,2026-05-25T00:00:00Z,1.1638,1.16489,1.16272,1.16367
EURUSD,H4,2026-05-25T04:00:00Z,1.16367,1.1647,1.16355,1.1642000000000001
EURUSD,H4,2026-05-25T08:00:00Z,1.1642000000000001,1.16453,1.16296,1.16437
EURUSD,H4,2026-05-25T12:00:00Z,1.16437,1.16528,1.16402,1.16483
EURUSD,H4,2026-05-25T16:00:00Z,1.16483,1.16497,1.16367,1.16412
EURUSD,H4,2026-05-25T20:00:00Z,1.16412,1.16441,1.16403,1.1643
EURUSD,H4,2026-05-26T00:00:00Z,1.16408,1.16432,1.1633,1.16387
EURUSD,H4,2026-05-26T04:00:00Z,1.16387,1.16399,1.16293,1.16297
EURUSD,H4,2026-05-26T08:00:00Z,1.16296,1.16421,1.16239,1.16364
EURUSD,H4,2026-05-26T12:00:00Z,1.16364,1.1645,1.1631,1.1632
EURUSD,H4,2026-05-26T16:00:00Z,1.16318,1.1633,1.16171,1.1623999999999999
EURUSD,H4,2026-05-26T20:00:00Z,1.1623999999999999,1.1633,1.1621299999999999,1.16315
EURUSD,H4,2026-05-27T00:00:00Z,1.16287,1.16406,1.16155,1.1638
EURUSD,H4,2026-05-27T04:00:00Z,1.1638,1.16424,1.16327,1.16413
EURUSD,H4,2026-05-27T08:00:00Z,1.16413,1.16493,1.16373,1.16448
EURUSD,H4,2026-05-27T12:00:00Z,1.16448,1.16611,1.16329,1.16439
EURUSD,H4,2026-05-27T16:00:00Z,1.16436,1.16522,1.16226,1.16322
EURUSD,H4,2026-05-27T20:00:00Z,1.16323,1.1633,1.16221,1.16256
EURUSD,H4,2026-05-28T00:00:00Z,1.16232,1.16304,1.1616,1.16207
EURUSD,H4,2026-05-28T04:00:00Z,1.16206,1.16212,1.15862,1.15918
EURUSD,H4,2026-05-28T08:00:00Z,1.15918,1.16176,1.1589,1.16156
EURUSD,H4,2026-05-28T12:00:00Z,1.16155,1.16383,1.16034,1.16364
EURUSD,H4,2026-05-28T16:00:00Z,1.16364,1.16609,1.16269,1.16568
EURUSD,H4,2026-05-28T20:00:00Z,1.1656900000000001,1.16574,1.16449,1.16493
EURUSD,H4,2026-05-29T00:00:00Z,1.1650800000000001,1.16556,1.16381,1.16487
EURUSD,H4,2026-05-29T04:00:00Z,1.16487,1.16565,1.16343,1.16391
EURUSD,H4,2026-05-29T08:00:00Z,1.16391,1.16545,1.1625,1.1628
EURUSD,H4,2026-05-29T12:00:00Z,1.16281,1.16491,1.16266,1.1649
EURUSD,H4,2026-05-29T16:00:00Z,1.1649,1.16858,1.16405,1.16722
EURUSD,H4,2026-05-29T20:00:00Z,1.16722,1.16733,1.16578,1.16594
EURUSD,H4,2026-06-01T00:00:00Z,1.16527,1.16604,1.16449,1.16478
EURUSD,H4,2026-06-01T04:00:00Z,1.16478,1.16491,1.16416,1.1648100000000001
EURUSD,H4,2026-06-01T08:00:00Z,1.16482,1.16648,1.16479,1.1658
EURUSD,H4,2026-06-01T12:00:00Z,1.1658,1.16607,1.16417,1.16473
EURUSD,H4,2026-06-01T16:00:00Z,1.16473,1.16482,1.16067,1.1629800000000001
EURUSD,H4,2026-06-01T20:00:00Z,1.163,1.16379,1.16251,1.1632
EURUSD,H4,2026-06-02T00:00:00Z,1.16279,1.16363,1.16251,1.16314
EURUSD,H4,2026-06-02T04:00:00Z,1.16315,1.16388,1.16285,1.16378
EURUSD,H4,2026-06-02T08:00:00Z,1.16378,1.16526,1.1636199999999999,1.16436
EURUSD,H4,2026-06-02T12:00:00Z,1.16436,1.16556,1.16384,1.16504
EURUSD,H4,2026-06-02T16:00:00Z,1.16505,1.16523,1.16268,1.16284
EURUSD,H4,2026-06-02T20:00:00Z,1.16285,1.16347,1.16135,1.1631
EURUSD,H4,2026-06-03T00:00:00Z,1.16315,1.16315,1.16197,1.16287
EURUSD,H4,2026-06-03T04:00:00Z,1.16288,1.16334,1.16243,1.16256
EURUSD,H4,2026-06-03T08:00:00Z,1.16256,1.16271,1.16051,1.16082
EURUSD,H4,2026-06-03T12:00:00Z,1.16082,1.16228,1.15968,1.16003
EURUSD,H4,2026-06-03T16:00:00Z,1.16004,1.1613,1.15949,1.16002
EURUSD,H4,2026-06-03T20:00:00Z,1.16005,1.16034,1.15954,1.15981
EURUSD,H4,2026-06-04T00:00:00Z,1.15965,1.16125,1.15945,1.16068
EURUSD,H4,2026-06-04T04:00:00Z,1.16068,1.16129,1.16025,1.16098
EURUSD,H4,2026-06-04T08:00:00Z,1.16098,1.1615,1.15985,1.16129
EURUSD,H4,2026-06-04T12:00:00Z,1.16129,1.1645,1.16129,1.16369
EURUSD,H4,2026-06-04T16:00:00Z,1.1637,1.164,1.16224,1.16234
EURUSD,H4,2026-06-04T20:00:00Z,1.16234,1.16239,1.1608,1.16107
EURUSD,H4,2026-06-05T00:00:00Z,1.16098,1.16149,1.16066,1.16127
EURUSD,H4,2026-06-05T04:00:00Z,1.16127,1.1617,1.16097,1.16161
EURUSD,H4,2026-06-05T08:00:00Z,1.16161,1.164,1.16129,1.16367
EURUSD,H4,2026-06-05T12:00:00Z,1.16366,1.16443,1.15863,1.1586400000000001
EURUSD,H4,2026-06-05T16:00:00Z,1.15862,1.15995,1.15224,1.15322
EURUSD,H4,2026-06-05T20:00:00Z,1.15322,1.1533,1.15179,1.15187
EURUSD,H4,2026-06-08T00:00:00Z,1.15105,1.15336,1.15063,1.15335
EURUSD,H4,2026-06-08T04:00:00Z,1.15335,1.15348,1.15118,1.15314
EURUSD,H4,2026-06-08T08:00:00Z,1.1531500000000001,1.15398,1.1508,1.15084
EURUSD,H4,2026-06-08T12:00:00Z,1.15083,1.15439,1.14995,1.1542
EURUSD,H4,2026-06-08T16:00:00Z,1.15421,1.15547,1.15318,1.1539
EURUSD,H4,2026-06-08T20:00:00Z,1.15389,1.15421,1.15277,1.15316
EURUSD,H4,2026-06-09T00:00:00Z,1.15324,1.15381,1.15241,1.15313
EURUSD,H4,2026-06-09T04:00:00Z,1.15313,1.15482,1.15306,1.15455
EURUSD,H4,2026-06-09T08:00:00Z,1.15455,1.1553499999999999,1.15364,1.15507
EURUSD,H4,2026-06-09T12:00:00Z,1.15507,1.15749,1.15503,1.15736
EURUSD,H4,2026-06-09T16:00:00Z,1.15736,1.15781,1.15285,1.15409
EURUSD,H4,2026-06-09T20:00:00Z,1.15409,1.15531,1.15396,1.15434
EURUSD,H4,2026-06-10T00:00:00Z,1.15424,1.15434,1.15332,1.15423
EURUSD,H4,2026-06-10T04:00:00Z,1.15423,1.15522,1.15353,1.15464
EURUSD,H4,2026-06-10T08:00:00Z,1.15464,1.15587,1.15453,1.15536
EURUSD,H4,2026-06-10T12:00:00Z,1.15536,1.15647,1.15355,1.15484
EURUSD,H4,2026-06-10T16:00:00Z,1.15484,1.15731,1.15348,1.15538
EURUSD,H4,2026-06-10T20:00:00Z,1.15539,1.15577,1.15347,1.15355
EURUSD,H4,2026-06-11T00:00:00Z,1.1535,1.15429,1.15255,1.15424
EURUSD,H4,2026-06-11T04:00:00Z,1.15425,1.15561,1.15416,1.15483
EURUSD,H4,2026-06-11T08:00:00Z,1.15482,1.15555,1.15307,1.15321
EURUSD,H4,2026-06-11T12:00:00Z,1.15322,1.15434,1.15164,1.15398
EURUSD,H4,2026-06-11T16:00:00Z,1.15398,1.15404,1.1507,1.15091
EURUSD,H4,2026-06-11T20:00:00Z,1.15087,1.15894,1.15029,1.15787
EURUSD,H4,2026-06-12T00:00:00Z,1.15783,1.15866,1.1566,1.15696
EURUSD,H4,2026-06-12T04:00:00Z,1.15697,1.1575199999999999,1.15615,1.15716
EURUSD,H4,2026-06-12T08:00:00Z,1.1571500000000001,1.15855,1.1557,1.15768
EURUSD,H4,2026-06-12T12:00:00Z,1.15768,1.15895,1.1569099999999999,1.15726
